500 500
-10260637 010001101110101
-15704304 010001101110100
-1 00
-458760 0111001000110
-2105377 10010001111100
-1052689 101011101011000
-262149 01111111011010
-393223 101010100110011
-327686 1010110010000100
-16646399 1000
-16449788 0100110011
-16384251 100100011100
-16318714 10010010001100
-16580862 01001110
-16679167 10101111101011
-16515325 101010110011
-16711936 01100
-16716032 10101011101111
-7368817 010010100101000
-6316129 1010101000111110
-3158065 101010010000010
-16724224 010010100101001
-16728320 1001000110010
-16736512 101010010010010
-16740608 1010101000111111
-9605268 010010110100111
-15700207 010000001000110
-8552580 10010001011101
-16400636 010001110100100
-16580861 0111001000111
-16711935 01101
-16724223 101011111011000
-16646400 11
-16662784 1010101101110010
-16670976 101011011010111
-16658688 1010101111101110
-16597245 010000111100101
-16388348 1010100101100011
-16515326 1010110000110101
-4538437 010001101110010
-921616 1010110010000101
-2433061 1010111010011010
-655372 1010110110010110
-4341828 101011010000000
-5394516 01000111101100
-6447204 010010110100110
-196611 01000001000
-262150 0101111001010
-327685 011100100101
-131076 010101001
-65537 0111100
-589833 010000110111011
-16318716 010001101110011
-15462634 010000100110000
-16269563 1010100110111110
-16515327 100100000000
-16732414 010001110001001
-16711934 0100110010
-16662781 010001011000011
-16580864 100111100
-16584960 101010101110100
-16613632 1010111010011011
-16384249 10010001100000
-327688 01000101100000
-3 0111010
-3158067 010101100100
-2105379 1010110001101000
-720906 1010110011111111
-15192293 1010101101110011
-16539904 010000000111000
-16613631 010001011100010
-16515328 10101101110
-16318715 10010001000000
-16670974 010000001000111
-16658686 101011100010000
-16580863 011101100011
-16584959 010001110100101
-3948608 010000011010111
-3289138 010010010111011
-3555382 1010111010011101
-1974302 01001011110101
-589835 01001011000100
-131074 01010101
-65539 101000010
-196609 1001001011
-327687 011110110111
-655370 01001011100111
-790544 101010011001000
-15458537 010010001100001
-13480143 1010110000000000
-7893116 1010110001100011
-6840428 1010110011100001
-4341826 1010111010011100
-16646398 010100100
-16711933 011110111
-16253180 01001001101110
-393219 010000010101010
-16515321 0100100010001
-16646395 01000100001100
-16580858 101001100100
-196616 0100101011111
-262145 10101000100
-327682 10101110011101
-16449792 1001011111
-16384255 100110011110
-4276294 1010100101011100
-9080975 1010110011110000
-16421119 1010111111100001
-8224890 101011010001000
-987148 1010110011011100
-5 010100101
-65542 10100000001
-131079 10010000110111
-16711932 011111111011
-16736508 1010110001101001
-15319277 010001011110101
-3026988 010000000001111
-8683650 1010111101000010
-327681 101010101001111
-589837 1010110110101001
-16511231 010001101010011
-16646396 01000111001
-16462079 1010100110111111
-16580857 101011011000001
-16318717 010101100110
-16396544 101011010011100
-16384256 1010110110011
-262146 10010000111
-65541 100111101001
-6 1001111011000
-16711931 100101101110
-16384253 1001000001111
-393217 010001000100111
-12955844 010001001100111
-4603969 1010110000000001
-16322816 1010101101111010
-327684 010001000100011
-196614 1010110011001000
-16593148 010011000011011
-16515323 100101101101
-16449790 1010000001
-16576763 1010100111111000
-16580860 1001011010
-16646393 101010101111110
-16711930 101010111011101
-3289142 010000011001111
-2170919 010001010001001
-16400638 010000000000011
-16482557 1010111010101110
-16318719 1010000000001
-15982837 1010101000111010
-10199197 101011101110111
-8093821 1010101100010001
-4276295 1010111000111011
-458753 010010000011101
-262148 01011111010
-16646394 010111110110
-131078 01110011000
-8 1010100110101101
-65543 101011110000001
-196613 10010000100010
-16580859 0111111110101
-9937056 01000011010001
-9740445 1010100011111011
-8814735 1010100111000010
-16580854 1010110011111000
-16277745 1010111010010111
-16187647 1010101101110000
-131081 1010111110001011
-16515320 01000000110111
-6844516 1010100100000010
-16244989 1010111010001101
-589830 010010011011110
-15970560 1010101111101111
-16244987 010010001001100
-458763 01111111110101
-15253734 1010101110101100
-16142585 010001011100011
-16318712 101010011111110
-16167161 1010101000011001
-589832 101010100111011
-10530992 010001101101101
-458761 010001110110111
-15708416 010010000101100
-15720704 010010111011010
-15515902 010001110101110
-15589629 010010000100000
-15720702 101010111110110
-10924211 010010110001010
-15327486 101011000001010
-15589627 1010111010000000
-1249292 010000000111001
-10993853 010010100101100
-15835374 010010110011101
-15511793 1010101100001000
-15462647 1010110101000110
-790546 1010110101000111
-15835376 1010101101101110
-13549778 010001101001001
-3223599 01001001000101
-14610687 1010110011011101
-13562096 101011000011000
-13431023 01000010001001
-14545152 1010101101110110
-14217469 010000010101011
-14283008 1010100101011101
-13037807 1010100111010011
-14610677 1010110011110001
-13693184 1010111110000000
-14147816 1010100111000110
-12644597 010010111101001
-13349118 1010111111100010
-13353213 1010111111100111
-12906750 010010101110011
-2367520 1010101110010010
-2039845 1010110111100000
-1843234 010000110111101
-2170909 01000100011100
-12775680 1010101110010011
-14020844 1010101110011100
-13562098 010001110001010
-2170911 1010101110011101
-11464944 010000011101100
-11661558 010000000010010
-11989234 01000011111000
-12382460 010010101010100
-11989247 1010101110000100
-11792620 01000101100110
-11923691 1010100011000111
-10940666 1010101110001110
-10326267 1010101111111000
-11256002 1010110110010111
-9736448 010010011111000
-9474304 1010101110100000
-12042440 101011010110110
-12439759 1010110010001100
-8814847 010010100110111
-4145221 010000100001110
-4210751 1010101010000010
-12497090 010010101001000
-7897342 1010101000110011
-7958784 01000010000001
-7897344 010001101000110
-5525760 1010110110100001
-4210944 1010101100100110
-4276479 1010101111100001
-3485952 101011011010001
-2105597 010000100110001
-2236672 1010111111001000
-1974527 1010101000110001
-1249534 01001011011000
-1052927 1010110001010001
-987392 010000000001010
-659709 010000000110111
-247 010000100011011
-524544 01111111010111
-248 1010100100001000
-327934 10010001000010
-393471 1010110010001110
-131323 1010110010110100
-393472 0100000110000
-65785 1010111100101101
-327936 10010001101111
-251 101010001110101
-262400 01000000111110
-252 011111011001
-131322 1010101110011001
-253 010010101101000
-196864 011101100001
-131327 1010000000010
-254 01010111100
-65789 1001000000011
-131328 1010000000011
-196862 0111001000000
-65792 011101100010
-131325 10010001101010
-255 100101101111
-262395 1010110011001001
-256 01010111101
-65791 100111101000
-16744960 10010000101101
-16740864 01000110110000
-1118482 010001001010011
-524553 101010011101110
-257 1001110
-65794 1010001
-16728576 10010001011010
-16720384 101010010010111
-16736768 01001011100000
-16712192 010110
-16716288 10010001011110
-16515581 0111110111
-15856114 101010011011011
-5787993 1010101101111011
-5329234 010010011001111
-3223858 010010111111001
-4276546 01111111110010
-16384508 010111100100
-3092783 0100001010010
-6709608 101010111000000
-3354931 1010101110000011
-790798 010010000000010
-196867 0101111011
-393480 101010011000001
-65793 100110000
-16720383 010000001100111
-16712191 10010010001000
-16679424 10010000001101
-16548350 1010101000111011
-16466427 1010110101010011
-16728575 01001001010110
-16736767 101011010000110
-16744959 101011110110000
-8618371 01000110001110
-9929111 1010110010110011
-8814984 101011100101011
-8159614 101010100101010
-7565683 010010000011111
-13353419 010000011111100
-12562879 010001100100010
-16318969 01000100101111
-16245239 1010110101110011
-15720943 1010100101011111
-16302587 010010010111111
-16515583 100101110
-16278011 010000000011110
-16548351 1010101100101101
-16450042 10101110010100
-16581120 100100110111
-16589312 1010110111101110
-16646653 101010000
-16654845 1010111110001111
-16728574 1010111001111110
-3223860 01001001111111
-4276548 101011010101111
-721162 1010110101000010
-459014 1010110110110010
-16155125 1010100011110100
-8880518 1010101111111100
-11379120 1010110100111110
-16097784 1010110011111001
-8487300 1010100111000011
-259 01010100000
-65796 101001101
-131329 1010011000
-16716286 010010110010111
-16712190 1001100110
-14864866 010010001001101
-16675326 01000010011101
-16663038 1010100110010010
-16744957 1010101000000010
-10920358 01001001001110
-8814982 101010111100111
-8356221 010010011011111
-16450041 010010111010001
-16531968 1010100101111000
-16527872 101011111010000
-16515584 011101111
-393478 0101111101111
-6316388 1010100101110011
-4211012 1010110000011110
-260 1001001010
-16400895 010000111011100
-16646651 01010110111
-261 0111001000010
-16450048 01111100100
-131335 011111001010
-16712188 100100110110
-6447463 1010101000011100
-459012 101011110011100
-6906221 010010000100001
-8618375 010010100101101
-16400896 010000011111001
-3354935 010000111000010
-16466431 01000101111100
-16712187 010010100101110
-8155514 010001100110100
-3158326 010010000101011
-131336 0111001101110
-262 1001100111010
-327937 10010000001111
-590093 1010111010000001
-196871 1001100111111
-6512999 01001000110110
-4407623 101011111110110
-10723751 01001000111111
-11444652 1010111101100100
-3027241 010000110010000
-10199454 010000110011000
-1843483 1010100100000110
-263 10101001100001
-16380416 1010101100001001
-16712186 101010110000111
-16044531 1010101101101111
-15966710 1010110000101100
-393473 1010110101011100
-8618373 10010000010011
-16466429 010000010100110
-16646650 0111001000100
-5460309 01111111010100
-790796 1010101101110111
-16384510 011111111000
-10723749 101010100100010
-16253440 101011010010000
-9671061 1010110001101011
-196869 10010111100
-327939 1010000000000
-16478717 1010011001011110
-16585211 1010100110011100
-15069678 010010110111010
-265 1010110111101001
-16089597 1010101100010100
-16097792 010001101001011
-10854832 1010100111010101
-15069680 1010101011101100
-16163325 101011011010010
-16187901 010000101000001
-16581111 010000101001100
-131338 1010111110000001
-5525849 010000101010100
-11178407 1010100111000111
-262409 1010101111110100
-655623 101011000101010
-8683913 1010111111100011
-2502956 010000101100010
-16441848 1010111111100101
-393481 01000010010000
-655621 010000101010010
-15835648 010000101100001
-262411 01000101001010
-11846075 01001001001010
-2568489 010010101101101
-13029834 1010110010111000
-3555642 1010110010111001
-15720960 1010101000001011
-10990004 010010101100000
-13361631 010010100010000
-13029844 1010101001110011
-9347484 1010101011111000
-14938613 010000001100010
-15659511 1010100101101000
-15192576 1010100101101010
-15266289 1010110011010000
-1052940 010001110001011
-3158317 101010110111111
-15901167 1010111100101000
-3289392 01000000001000
-11313586 010000000010011
-15565297 010010101010101
-1184016 010010110101010
-1118480 010000011011111
-3223856 1010101110000101
-987409 010000110001100
-3289390 010001101011001
-3092785 010011000001000
-14340605 1010101110001111
-14414333 01000011110101
-14545403 010010111100100
-14086656 1010110011100111
-14086653 010000111010010
-13103598 1010101111111001
-14021120 1010110001110100
-14008831 010010011111001
-14610934 1010111010110010
-14086651 1010101001000000
-14676468 1010110011000110
-14217719 01001010010001
-13496830 101011001010110
-14414319 01001010010011
-13103601 1010101111111011
-13365757 1010111011101000
-13955565 1010100011000100
-13091328 1010110010001101
-13169142 01001011111000
-13627889 101011010000001
-2040097 1010110110010100
-12448256 010000100001111
-12579325 1010101010000011
-10678764 1010101110110000
-10940919 010010101001001
-10809848 1010101001111011
-12251631 101011001011111
-10854912 1010100110100001
-10920446 1010111101000011
-9892341 010000010010111
-10482174 010001101000111
-10154489 1010100101010011
-10326528 1010110001111000
-10129919 010000100101010
-10351090 1010101100100111
-9478654 010010100011100
-9957882 1010101010010110
-12440016 1010101010010100
-8647153 010000010010011
-10220015 010000100110011
-8815104 1010111111001001
-4342080 101011000111101
-7963134 010000100000100
-7631357 010000100000110
-7832062 1010101000110110
-7238141 1010101000110100
-6382080 010000100001100
-5394944 1010101010001111
-4407803 010000000001011
-4342272 010001001101010
-4014587 1010101010001000
-3355136 101010111010010
-3027453 010000100011000
-2171390 010000100111110
-2171392 010010100001100
-1118718 101011111101101
-1118720 1010100100001001
-1053184 010010111110110
-987648 010001100111101
-922112 01000001101001
-922109 1010110010110101
-131580 0111001001000
-506 1010110010001111
-507 010001101111
-262655 10010001000011
-262656 10101100100010
-509 01011110101
-197120 10010011010100
-510 010001100001000
-131584 01010110001
-66048 01110010110
-511 1010100111100
-512 011101100111
-131582 100100001001
-6447715 010010101100111
-16495356 010011000001110
-16581374 0100110001
-16745216 010101100101
-16679679 011100110100
-16667391 1010100111111001
-725516 010000001011110
-513 100110001
-131587 101000001
-4342339 0111001011110
-3289651 10101111001111
-5395027 1010101111001001
-10658467 010011000011101
-8553091 0111011001101
-15655663 010010101101001
-15643375 1010110001000100
-16716544 01001010111000
-16712448 011111000
-16732928 010011000000110
-16720640 1010101001110101
-16728832 10101010110110
-16741120 1010100011001011
-13152970 010000110000100
-15594221 010001101100100
-16544510 1010100100001101
-16532222 1010100100111111
-16519934 1010100101000100
-4211266 010000000100000
-3158578 1010110001101111
-8422018 1010101011111110
-1053202 010000110000101
-16646912 01000000010110
-16712447 010101100111
-16728831 101011001101100
-459271 010010101011001
-262662 10101010111001
-66049 01110111001
-514 01111010
-16581376 01001101
-16679677 010000000111010
-16610048 010010110100101
-16425721 1010111100010001
-131585 0101010001
-16712446 010101110
-16667389 10010010000110
-16327420 1010100111110000
-8950411 1010110100110010
-4342337 1010110110010000
-10330783 01000111010001
-16532224 010000100100011
-16515840 010101000011
-16712445 10010000100001
-16614143 1010100110101111
-16384762 010001011010111
-10064539 010000100001011
-16253692 010001010110010
-16052984 1010110100110011
-15520496 010001010001101
-12956359 010001000010111
-14009047 010010110001101
-590347 010001010111001
-262664 01000111011010
-516 010101101011
-197121 01111011010
-8684168 0100010101000
-6578792 101010010010101
-3355185 101010011001011
-856591 1010110101100101
-6513249 1010101101010100
-197128 010001010011101
-16679675 010001100100011
-16712444 011110110110
-8356476 101010010110000
-5788253 1010110000100011
-4407880 1010110000100100
-5460568 1010110100101000
-16253694 010000100011111
-16515834 01000001001110
-4276805 010010000110011
-15856373 101011001011011
-7762548 1010111110001001
-1118741 1010101101010111
-1446420 1010111100000111
-393732 1001000101001
-16450303 10011110101
-66053 101010001010
-16651004 1010100101010111
-16712443 1010111110000011
-16392960 1010101011010101
-518 101010101110001
-16401149 010001001000110
-8553093 010000011001101
-16388861 010001001001111
-131589 0111011010
-16319232 01111111110001
-9208459 1010111110111111
-6447717 10010001111000
-4342341 1010101101101011
-16515835 100110011100
-5657170 010010000110111
-8684164 0100001111111
-6578788 010000001100100
-16450301 010001110000
-16052980 010001001001010
-66055 0111001101111
-520 1010110100100110
-6709858 1010100111110010
-16544508 1010101000111001
-16532220 1010111010111100
-393730 1010101000111101
-4473412 1010110010000010
-262660 10101010010110
-16098045 1010110000011000
-16052990 1010110000011010
-197129 010010101111000
-15201005 1010111010111110
-5460569 1010111100011100
-3490362 101010100100011
-12890825 1010111010100111
-15987456 1010111010101111
-8946311 010010011110101
-8880778 01111111110111
-459274 10010000010001
-16483062 1010100100011010
-15921917 1010101111111101
-3682871 1010101111111110
-15950590 1010110100111111
-459273 101010101110111
-6775401 1010110110111100
-14205656 1010111100010011
-15717119 010000101011010
-15463163 1010111100010111
-15266556 1010100011110101
-14938872 01001000111100
-15397632 1010110110110011
-14807802 010010011010100
-15135487 1010110110110111
-14742269 1010110101000011
-3224110 1010111001101100
-1118734 1010111001101110
-7565935 010000001101001
-14873344 1010101101110001
-1053198 1010111001001011
-1053200 1010101100010010
-13955829 101010110010001
-13628143 1010101100101010
-14611196 1010111001111111
-14279424 010001100011000
-14545654 01000101110110
-14217972 1010111001011101
-14021369 01000110001111
-13759232 1010100100000011
-14283511 1010111010000100
-14021371 1010111010000110
-13554432 1010110111101111
-9478819 010000000111110
-13497088 1010110000111110
-13095680 010000000011011
-12894976 010000000011101
-6185574 010000000011111
-6382174 010000000000110
-14152428 101010111100101
-13562609 1010100010110110
-11858688 010010110101110
-11465472 1010110100010111
-11465470 010010000010111
-11006713 1010111100100010
-10023667 010010101000110
-9827072 101010110101101
-10285810 1010111011100101
-9302783 1010110000011111
-8618747 010010011000110
-9892592 1010111000001111
-8684288 101011000110000
-8553213 010010111001100
-9695981 010000001000100
-7303936 1010101101100011
-6447872 1010110011010101
-6644476 1010101110101101
-5264125 1010100101101111
-5264126 1010111101010110
-4473600 010000101111010
-3224319 1010100110010011
-2237183 010000101110110
-2237184 1010111110101011
-1053436 1010111110101001
-791295 1010101000000011
-8229514 010000010110010
-7963266 1010110111111111
-762 1010101001001001
-763 0100001011011
-66300 0111111111110
-328448 1010100101111001
-262912 01111111111001
-66302 100100001010
-197376 10010011010011
-8618623 01000000101101
-766 0100000011110
-131840 0111001011111
-197375 10101011100101
-768 0111001010101
-197373 1010101000100100
-16241656 010010000100010
-16729088 010010111011011
-16712704 101011111111
-16737280 101010010111000
-5919579 010000001001100
-197380 01011110011
-4408132 1010101000000101
-769 01110111011
-16745472 010001110101111
-16647167 01010011001
-16294905 1010111110010011
-11776948 010010000101101
-10724260 10010001111101
-8618884 1001100111110
-6513508 1010110111110000
-16225271 010000111000011
-14074840 010000000111100
-14341084 1010111110110110
-8749957 1010110100110110
-770 01000000000010
-66305 10101010101
-4277057 010010110001011
-16712703 01110010011
-16745471 010001100110101
-16303098 010000111000101
-16667648 010010011000001
-16647168 01111101101
-16450555 0111001001001
-16679936 101011000011100
-16516094 10101110000010
-8291200 01000010001010
-7697269 010000011111011
-4408130 010010100101111
-131841 0100010111111
-8618882 010010110011110
-16598016 010010110111101
-771 011111001011
-197378 0111111110010
-15721454 1010000110011100
-16581632 101010110010100
-16712702 1010111001000101
-8749959 0111111101000
-16106487 010000110010001
-14013399 1010110000101101
-10593187 1010100100000111
-8881029 1010110100111100
-10855335 1010101101111001
-5722965 010000110011011
-3224371 101010001111110
-4805451 1010100100010110
-8487811 1001111011010
-16237557 010000110010011
-16598015 01001001100100
-16712701 101011011011000
-16516096 1001111011011
-16319483 101010011100100
-772 010000110011001
-66307 0101001101
-16712700 010010010001101
-773 10010010001011
-16581625 010010010000001
-6447976 01001001000011
-8881027 01001001001101
-4473666 1010100100011100
-14664667 1010101000010100
-131848 101011010101000
-16385024 101011101110110
-262914 10101111000110
-8618886 1010100110011101
-16159729 010000000100010
-4408134 010000111001100
-16581628 1001111011100
-197382 1001111011101
-5854048 1010100110001111
-7566198 1010111000111000
-9012112 1010100110110100
-16028659 1010111010010001
-775 101010110001111
-16356352 1010110011011110
-16540668 010000010011000
-131846 01000001010010
-16319487 010000010100111
-8553350 01000001010110
-16581627 01000001010100
-11445162 1010110101001000
-16667642 1010110101001010
-5395286 1010111010010011
-8946561 101001100101110
-15201264 1010101001010010
-16249856 101011011010110
-10920879 1010111011001001
-13820892 1010111011010101
-16311283 1010101100010101
-131849 1010110011001110
-15881209 1010111010101000
-16163838 1010101100010111
-262921 1010101011101101
-9012102 1010110111101010
-15787006 010000010111010
-16110585 010000101000010
-8749961 010001111110000
-16286710 010010000010000
-16106489 010010011100001
-16307190 1010101011001101
-16098297 101011110000010
-15766527 010000101000101
-15856640 010000101001101
-16348151 010000101001110
-4735816 1010100111000100
-15713279 010010001101001
-15070199 010000101010110
-15508480 010010001101010
-8754068 010000101010101
-14996480 010010000010011
-14939136 010000101100100
-5264205 1010101111110101
-15725555 01000000111010
-9339796 010000001110110
-14152695 01000010111110
-14087160 010010010100010
-14283776 01001001010010
-14087154 101011110000000
-14087164 010001000001000
-13628416 010010101110111
-13951975 010000101010011
-14087151 01000010101000
-12776443 1010110101010100
-13956078 1010110101010111
-14087152 1010110111100001
-6120290 010010001110000
-11924465 1010111110111010
-11924467 010010010010001
-10593275 1010101110010000
-10220542 010001011101000
-12305361 010000000110001
-9630714 010001000010100
-9606142 1010101000101010
-10286062 01000101110101
-8516597 010000111101100
-8750080 101010010010110
-8881149 010010101100001
-4342591 101010010010100
-4211517 1010101001110001
-9696240 1010111100110000
-6644736 010000001111110
-6579200 1010101000101000
-5395454 010010100010001
-4539391 1010111100110110
-8033168 010000001100011
-1019 101011110011010
-1020 01000100110010
-8684416 10010000011011
-197632 10010001101110
-132095 1010100101101011
-1022 1010110011010001
-1023 1010111110011100
-1024 0111111111111
-14140632 010000011100010
-15713520 010000011011001
-15459564 1010111011100001
-263173 010001111000001
-1025 011111110111
-15910131 010000011000101
-8684677 010000011101101
-10790053 010000001100000
-13087944 010010110101011
-16041205 010000111111000
-16532733 1010111011100010
-16725248 010010101010000
-16712960 011111011000
-16745728 0111001010100
-16733440 1010100010110010
-15725807 010010111100101
-15848689 010001011011001
-15508718 010001001000010
-16172280 010000111101000
-16340217 1010100110111001
-16585981 1010111010001001
-16176376 010001111011100
-16676096 010000110001101
-16663808 010011000001001
-16655616 1010101110000110
-16647424 1010111001111000
-14337244 010000011011100
-8815752 01000011110001
-14009557 1010110001110101
-8029308 010001100000101
-132100 1010000110010
-4342852 1010110001110110
-8553604 10010001101100
-8684679 01111111111010
-16647421 0100001110101
-16737534 010000000101001
-15914225 010000011010001
-14009560 1010111010110011
-5919833 010000111010011
-3687483 1010110011000100
-263175 01000111011100
-132097 01000111110100
-1027 01111111111011
-16581888 10010001101001
-7763062 101010100110100
-10658978 01001100001010
-1028 01111111010110
-132098 1001000011000
-8553602 10010000110010
-16712957 1010100011000101
-16581887 10101110000000
-16594175 1010111010111001
-14009559 1010111011101001
-15656174 1010111011101010
-590859 1010101110100001
-6448226 101011010011101
-7959675 1010110011101001
-197633 1010110011101011
-16733436 010010100110100
-16450816 010010110110010
-1029 10101000110000
-14075091 1010110110010101
-8619143 010000111110111
-8160378 010010100001000
-16647420 1010110100001011
-4473923 1010100011010111
-15893749 1010101010000000
-8750211 010010100001011
-16516348 10010001010000
-16119037 1010101110110001
-12965072 010010100000011
-16082176 1010101010000111
-16049407 1010111000110001
-8750218 1010101001111001
-15979776 1010101010001101
-16377080 1010110001110010
-16221434 1010111101001111
-16172282 1010110001110001
-15643903 1010110101100011
-15701247 1010110110111011
-13624542 1010111111001111
-15512832 010001101000010
-15594751 1010110010010011
-14808307 101011110100101
-15398143 010001101000101
-10794162 1010110001111001
-15496443 1010101011101011
-15586556 1010111101000110
-15725817 010010100011011
-15725816 101010010101000
-15062272 010000100101001
-15844590 010010100011110
-14800128 01000111110000
-15840496 010010100011101
-14677242 1010101111100000
-14087421 1010101010010111
-14218486 01000110100000
-14611698 010000010010010
-14152953 1010101010010101
-13432063 1010111101011000
-14087405 01001010000111
-14021872 1010110101100000
-2171934 1010110101100001
-13956330 010000100000000
-13104378 1010111111001010
-11924734 1010111111001011
-11990272 1010110001010011
-9762035 010000100000101
-10286327 010000100110101
-10482930 010000100000111
-8713463 1010101000110000
-9172217 010000000110101
-9237760 1010101000110101
-10351855 1010101000110111
-10089710 1010110001010000
-8844532 010000100001101
-9012480 1010101010001110
-8553728 010001010101010
-8647933 010001010101011
-7664884 010001001101011
-8058104 010001001101000
-7169280 010001001101001
-1276 010001010101001
-8553600 101011011000000
-66816 1010101010001001
-15709680 010010100001101
-8750470 010000000110110
-1281 01000000010101
-16741888 010000100011001
-328966 010000100011010
-16713216 010010110100010
-14206425 1010101010001010
-16717312 1010110001000011
-4212034 010001100111010
-2565415 01000110111011
-460039 010010111110111
-1282 10010001110100
-16729599 010001100001101
-16647680 10010001110101
-16713215 010011000010000
-16582141 010001011110010
-16659968 01000110000001
-7103854 010001100101110
-7566707 010010001100100
-8619395 010001100000110
-13022664 010010110100011
-9078156 1010110110000100
-16524799 010010111101110
-13747668 1010111000101100
-2762026 010001101010111
-16672254 010001101011111
-8811910 010011000010111
-10724769 101011010110101
-4867402 1010110110001101
-11969974 1010110110001110
-10392987 010001101011100
-16315901 010001101011101
-9602455 1010101001100101
-16672252 010001111001001
-16713211 010001111010011
-6976880 010001100001001
-66821 010010111101101
-15652332 1010100011101000
-11773367 1010100100010101
-16385536 1010110010101110
-13878743 1010110010101111
-16365056 010001110001110
-6645092 010001111000100
-9803156 1010110001000101
-16377344 1010110010100101
-16303616 010001111111011
-10724773 010001111111101
-15988213 1010101101011000
-8619397 1010110001000111
-6514021 1010111100110010
-11838909 010001111001111
-12633546 010001111111111
-16078336 010010101100101
-16094714 010001111101010
-12891593 1010100101001011
-14808557 1010110001001101
-14075353 010000111011000
-1512729 1010100011100001
-12965334 1010100011100011
-15635968 1010110101111111
-13096407 1010111000101001
-15578624 010000001010110
-15201782 1010111011110001
-15660542 010000001011111
-12768722 101011100010101
-8623512 1010100011010001
-15201792 1010100111111110
-15529461 1010100111111111
-9082258 010001011011101
-5526864 010001111011110
-9471372 010010010100001
-11187640 01001000100101
-13813200 1010101101011100
-5199186 1010100111111011
-15717873 010011000001111
-14218748 010000110001011
-14087665 101011001111010
-14140928 1010100110111011
-14153214 1010110011110111
-13694463 010000110001110
-13956603 010000110001111
-14611950 010011000001011
-13161984 010011000000111
-14411237 010011000000010
-11531776 010000111110011
-10810873 010000010111000
-9958912 010001011000101
-9631227 1010100011001110
-9475580 1010100100001111
-9606655 1010101011110001
-9672189 1010110011001100
-12043718 101011100001111
-9012736 1010100011110011
-11978187 010010101010111
-7173631 010001101100101
-6645242 010010000001010
-4716029 1010101011111111
-8029570 010010000001001
-67072 010001101100110
-394746 010001101100111
-15767281 1010101111001101
-14538462 010000000100001
-1447447 010010101011000
-15058662 010010101011011
-15705840 1010111000100111
-16713472 1010100110110010
-16725760 1010101111011001
-16717568 1010110000000010
-16733952 1010100110110011
-14079703 101010011111010
-16742144 101010110001110
-13027015 101010111101001
-12891846 010010010000100
-7038571 01000110100110
-16664320 010000110110111
-2827819 010010010011001
-16529150 010010011001100
-16094965 1010110000001111
-16520958 101011000000100
-8685190 1010100100110101
-722443 1010100100110110
-1578522 1010100100111101
-16516862 1010100101000101
-15132389 010001001100001
-16676605 010001001100011
-13350602 010001111100111
-394757 1010100011111001
-16606976 1010101100001010
-14997224 010000000111011
-16738045 010001100010000
-5064271 010001001111000
-16647934 1010100100110001
-6383203 1010100111011011
-16226036 010001000011011
-4802126 010010100101010
-16676603 1010100111110001
-15709932 1010101011111011
-15791861 1010110110010001
-11843250 010001000100001
-16725755 010001000100100
-16230131 010001010000000
-16459519 1010100100100110
-9209483 010000111101111
-16512766 010001111011011
-984586 010010111001000
-15587051 010001000110000
-2827821 010001000110101
-5985885 010001001110111
-1185302 010010111001001
-722445 1010100100100000
-13944532 1010100101110100
-2369060 101011111001011
-16578295 010001010001011
-787975 1010110010111011
-14804715 010001110100001
-16246522 1010110111100101
-16144121 1010110111100111
-15976190 101011110010010
-15255272 010000110101001
-16316152 1010101111000011
-15648512 010000110101011
-15447803 010001010111110
-15656700 010001010111101
-15595260 010001010101111
-15460094 010001101100010
-15333119 010001001110011
-15464189 101010010110010
-15193856 010001010101100
-15058688 010001010110111
-15435505 010001010110100
-12900057 010001010110011
-15578865 1010100110100111
-14862080 1010101000001111
-15505138 1010101100100001
-15652593 1010101011001000
-15828719 1010100110101011
-15714033 1010101001010111
-15787760 1010101001011101
-14604032 01000101101010
-14010110 1010100110101001
-14284531 010000101111000
-14411497 1010101111110111
-13235965 1010101101010101
-13563639 010000100101101
-12900095 010001001011000
-1910306 01000010111001
-6514272 1010101101010010
-14472929 1010101101010011
-14534369 1010110001011111
-14599905 1010110111111011
-11716352 1010110000100101
-10942206 1010110100011011
-10417912 1010011001010011
-9631481 010010001100110
-9762560 1010110001010111
-9672446 1010110010010111
-11650754 1010110100101001
-11716294 1010101111101011
-8976118 010000011111101
-12109512 1010110100101011
-722688 010001000000111
-16209912 010000110011100
-16164855 010000111100111
-15644655 1010111101100111
-16656383 010010000110001
-15505389 010001111110110
-1513240 01000010101111
-460552 101011111100000
-9934744 010001111110111
-9340815 1010110101001111
-16717824 0100101100110
-16713728 10010010000111
-16726016 10010001000101
-16721920 1010111101100110
-16730112 1010100101011001
-16119797 1010110011101100
-16676864 010010100111110
-16664576 010001011111010
-16525310 1010100101011011
-14473182 1010100110000001
-7104366 1010111111010011
-9340816 1010111111011111
-16721919 101011001110111
-16656384 1010111111011101
-1840926 1010110100000111
-16115701 1010111001101011
-4998990 1010111011010001
-15718382 010010000000001
-16726014 010000011100101
-460550 010010000000011
-15575024 010010010110111
-1513238 01111111110100
-16594944 1010100111000001
-2238241 1010110011100011
-16582656 1010110100100010
-6907755 010001001000111
-6645607 010001100100101
-6448994 1010111000111111
-2434855 1010110100100111
-3749691 1010111000111110
-16586751 010010101111011
-9537427 1010110100100011
-7960443 1010111011000001
-16594943 1010111000111101
-16713725 010001001000100
-16721917 1010110001111101
-16652286 1010110100101101
-16582655 010001001000101
-329479 010001100100111
-1644315 01001001101001
-7169898 010001001001001
-16713724 010001001001011
-15783925 1010110000010010
-2631469 1010110010000011
-6580065 1010111101101000
-16521209 1010111101101110
-16406528 010000001100101
-2697005 010000111001111
-15714283 010000111001110
-591629 010010000000111
-3749693 1010110100001111
-16529402 1010111000110110
-10721190 1010100111110011
-15591404 1010101000111100
-16463870 1010110101110110
-9275276 1010110101110111
-14866406 1010101000111000
-16398334 1010101011000110
-16316416 1010101011000111
-1840924 1010110000011011
-2500386 1010111010111101
-11577273 1010110000011001
-16250880 1010111110111101
-16168958 010000000000010
-16152571 010010101111001
-16283638 1010101000010111
-2631462 1010110101010010
-1447708 1010111010100110
-1578774 1010111010111111
-1775383 1010111100011101
-15841280 010010011110100
-16250874 1010111010100101
-1513242 1010111010101100
-15198186 101011101100101
-3618618 1010111100011110
-460554 1010111100011111
-15259624 010000001110010
-15771648 010010011110000
-1775381 010010011110010
-13944796 010010011110011
-3553082 010010011110111
-15779840 101011101101001
-1447706 101011101101011
-15648767 101011010101101
-15661055 1010111010110110
-13096920 1010111010110111
-15251450 010010010111010
-15636480 1010101111111111
-15661053 1010100100011001
-13162459 1010100100011011
-15595514 010010010111000
-15431680 010010010111110
-15443967 1010110110111101
-12900308 1010111100010010
-7042932 010000101011011
-15325170 1010110011111010
-9148308 1010110011111011
-15136767 1010111100010110
-15124480 010000001101010
-15194109 010000001101011
-11450291 01001000111101
-3155757 1010100011110110
-15071226 1010111011000100
-15894512 1010100011111010
-15632369 010010011010110
-15718386 1010011001011010
-9148310 1010110110110110
-11319220 010010011010111
-14473216 010010011010101
-14010365 010010011111101
-14542826 1010111001101111
-1976099 101011100001010
-12703743 1010110101000000
-12572634 1010110101000001
-9828352 1010111001101101
-12044231 01000100101101
-11782086 1010111001110010
-11782089 1010111001001010
-8615934 1010111001000000
-8353792 1010111001000001
-7366656 1010101100010011
-7104512 1010111001001111
-2631679 010001100010010
-526332 010001100010011
-591872 1010101100101011
-460800 01000010010111
-16738560 01000101000111
-12892357 10010000101100
-3684409 010001100011001
-7895161 1010111110001110
-16730368 01000100000001
-16582910 01111111010010
-16570621 1010111001011100
-14211289 1010111001011110
-16713984 01001001001001
-16718080 1010111001011001
-16722176 1010100100000001
-2631721 101010100100101
-1579033 1010111001111100
-526345 1010111001111101
-16652543 1010110000111100
-16652544 0100101100100
-16517374 010000000011001
-16337145 010001100110010
-16324857 1010111010000101
-16660736 010000000011000
-16648448 10010001011111
-16734463 010000000000111
-16718079 010001100110011
-16730367 01001010100111
-16603389 010001100110110
-16591101 1010111010000111
-7170157 010000000011100
-395272 1010101100101100
-657420 1010110000111111
-4868172 1010111010001100
-2959405 1010111010001110
-1906717 1010111010001111
-15263979 010000000010111
-16591104 010000000010110
-16726270 010010000010110
-16734462 1010100100001010
-16656637 1010110100010110
-16529663 01000111011001
-15657197 1010111100100011
-7170160 010010110010110
-526347 010010110101111
-7235693 01001010100001
-11446445 1010100010110111
-12892359 1010111111101110
-15591663 010000001001010
-16591103 010000001000001
-6973546 010010101000111
-16664830 010000011111110
-16673022 1010111000001110
-16378107 010000011111111
-16099575 010010011000111
-657418 1010100101110010
-4868170 1010111011100100
-3815482 1010111011100110
-14076118 1010100101111100
-11970742 1010100101111101
-8812678 1010111100100110
-7501943 010010001001111
-16726268 010000001000101
-16513280 010010111001101
-16451840 1010100101100010
-16402687 1010101101100010
-16472320 1010110011010100
-16464128 1010110011010110
-16673020 010001101101110
-788490 010010000101110
-16455935 1010101110101110
-15845621 1010101110101111
-10922148 101011000000011
-7628915 010000101111011
-16582908 010010000101111
-14534876 010010100010111
-16484606 1010111101010111
-16394494 010000101110111
-3815486 101010011110111
-6973550 1010101000011000
-2762798 1010101000011010
-16017661 1010100101111010
-16242944 1010111110101010
-16181504 101010011110100
-1513502 1010111110100010
-13879513 010000010110011
-3946552 1010110111111110
-2566189 1010111110100011
-15837435 1010111110100110
-11585724 1010111110100111
-460811 010000010110100
-4802629 010000010110110
-591877 010000010110111
-7829627 010001011100000
-15780094 010010111010110
-2697253 010010111010111
-6776939 1010101001001000
-15841536 010000010110000
-15845632 010001101101000
-15825152 010010111010000
-15849728 010010111010010
-1579031 010010111010011
-3684407 010010111010101
-526343 101011001100001
-2697255 01000000101110
-14076122 010000110101100
-591879 101010001110011
-13023434 1010101000000110
-15776000 1010101000011101
-15714560 010001101101100
-15522046 010000111011101
-15333628 010000111011110
-12966103 010000110101111
-14874871 1010100101101101
-15395071 1010101000100101
-11122880 01001001110100
-15259904 010000001001110
-15382782 010001110110110
-4806740 1010110111110001
-15718645 010001110110001
-15657203 010000001001101
-15911151 010001110101000
-15849710 1010101000000100
-13031641 010001110100110
-15067388 010001110100111
-11385011 101011001010000
-15640818 1010110111111100
-13560042 1010110111111101
-13560040 010010111001010
-14280942 1010110111111000
-14084329 1010110111111001
-13756655 1010110000011100
-11270400 010010111011101
-11847879 010010111011001
-12568774 1010100010111010
-8714489 1010110100011000
-7862517 1010110100011001
-7534842 010010000101010
-8059125 010010000101000
-5986560 010010000101001
-5724415 010001110101100
-5110016 010001110101101
-2566399 010010000100011
-657664 1010110100010101
-526591 01001000010010
-395518 1010111110010010
-16734720 01000110011000
-16648703 010000111000110
-1644826 01000000001010
-16775680 010000111000111
-592138 010010110101101
-16730624 01111111010011
-16722432 010010001100000
-16718336 0111001101011
-16714240 10101111110001
-16726528 01001011001010
-15256041 010010000111100
-15964660 010010000111101
-16296441 010010001101110
-16382458 01001011111001
-14277082 010010000111110
-6908266 010010110101100
-12036535 1010110100110100
-6777191 010010001100011
-10721699 010000000111101
-5986651 010000111000100
-4405571 010010001100010
-1317142 010000111000001
-16534014 010000001101100
-16390652 1010111110110111
-16402940 010000111000000
-16656896 010000001101101
-15198695 010010011000000
-16247287 1010110100110101
-16550399 010010110100000
-16017911 010000011111000
-16755198 010000000100100
-16751102 1010000110011101
-16730622 1010101000101100
-16718334 1010101000101101
-16583168 10010001000100
-16599552 1010111101100101
-16423417 010010110100001
-5855580 010000011111010
-1644828 1010110000010110
-4802892 1010110000010111
-13351370 010010110001110
-15509999 010010110001111
-15776243 1010110100110111
-16091639 010010110111100
-15837683 010000000100101
-16669182 01000101010010
-4737356 1010100111001010
-16583167 101010011101100
-16656894 1010111001000100
-16456192 010010110111110
-16730620 1010100111001011
-14928359 010010110111111
-12233149 010010110011111
-16443901 1010100011111110
-16316927 1010100011111111
-16275967 1010100111011110
-14739943 101011100100110
-16284159 101011100111000
-854283 010000110011010
-5065035 010010110011100
-7039341 1010100111011111
-9738644 101010110000011
-16546300 101011101001010
-11581881 101011010000010
-7698813 1010101100001100
-16116224 1010100011011000
-16157181 1010101100001101
-6842725 1010100011011001
-526597 101011100110100
-8812940 1010100011011110
-657672 1010100100010111
-1382681 1010111100010100
-16247291 1010111100010101
-4802888 1010100011011111
-461065 010010010011110
-1710358 010010010111100
-10983849 010010010111101
-15198697 101010001101110
-16247289 1010101101111000
-15780352 1010111010110100
-15755776 1010111010110101
-15657472 010010010011111
-10926520 01001001101000
-15702527 1010110100111101
-11450814 10010001110110
-15325694 010000110010010
-15641083 010010010001110
-11188671 010010010001111
-7305593 010010010001100
-15325695 1010110101011101
-15596022 1010111000000100
-13490648 1010111000000101
-5523792 1010101000010101
-11188663 010010000110100
-14805501 010010000110101
-15575539 1010100100011110
-5200209 1010100100011111
-13564416 010001101001110
-13416956 010001101001111
-13040126 010001101001000
-1841443 1010100100011101
-1976610 1010100011011010
-11774464 1010100011011011
-10811893 010010010000000
-9800184 010010010000010
-10197503 010010010000011
-10025472 1010100110011010
-9865726 010000111001101
-10353143 1010100110011011
-9734656 101011010111010
-12372434 010010010001000
-9304576 010010010001001
-11782599 010000000100011
-8583670 1010100110001000
-8813054 1010100110001001
-8976886 01000100111110
-8583678 1010110011011111
-8255996 1010100110001100
-7105024 1010100110001101
-7170559 1010100110001110
-6052351 1010100110001010
-5921278 1010100110001011
-4213247 1010111000111001
-2697724 101011001000000
-2566649 1010100110110101
-592384 1010111010010000
-657918 1010111010010010
-16448251 01000000000000
-16292601 010000010101111
-16419579 010000010011001
-4868683 010000010101110
-1710619 101011000011001
-16714496 10010000010010
-16730880 1010110101001011
-5921371 101010110110100
-15395563 101010110111010
-6974059 1010110101001001
-16743168 1010101111010110
-16751360 1010101111010111
-16775936 1010110001101010
-16313082 010010010101001
-16722687 10010000110101
-2632234 010010010101000
-16661248 010010110111011
-16317178 1010011001011111
-15784690 1010111011001000
-526858 1010101001010011
-16673536 1010101100000000
-16775935 1010101100000001
-16648960 101011101101110
-15502062 1010101100000010
-8157822 1010101100000011
-5790298 1010110111101000
-16718590 010010110111000
-16538367 010010110111001
-5921369 1010100011110000
-16083704 1010100011110001
-16714494 1010100111010100
-15694574 1010110011001111
-16661245 1010111011010100
-1382935 1010100111010010
-16534272 1010101100010110
-2435623 101011010101100
-16526080 1010111010101001
-14666460 010001101001010
-16714492 1010100111010000
-461316 1010100111010001
-16685819 1010110111101011
-16739067 010001111110001
-16743163 1010100100010010
-16710396 1010100100010011
-1645085 1010110011111110
-15457006 010000010111011
-8682115 010010011100000
-8682116 010000101000000
-16308992 010000101000011
-1645087 1010101011001100
-789004 101011010111000
-16358143 1010111110110010
-12298941 1010111110110011
-16251648 010000101000100
-16149247 010010000010001
-16149248 1010110100010010
-16030463 010000110110010
-16153341 1010110100010011
-15133422 010000110110011
-2501166 1010100111000101
-15981312 010000101001111
-1645078 010010001101000
-16095994 1010101001111100
-16055033 101010111110010
-4606540 1010101001111101
-7895670 101011100001000
-16055035 010000101010111
-16169721 010010001101011
-723462 010010111101000
-5790296 010000101100101
-15133418 010000101100110
-16186106 010000101100111
-526856 01000100101110
-16284408 010010000010010
-15772416 10010001001011
-4737608 101011000101100
-11049640 1010111111100000
-12966614 010000001110111
-15592190 010010010100110
-15457019 010010010100111
-11516607 1010100110100100
-15727359 1010111111100100
-15633149 010010010100011
-15637245 1010100110100101
-15579904 1010111111100110
-15633147 010000101100011
-15575802 010010001001000
-15457023 010010001001001
-11451063 10010001001111
-15461107 010001000001001
-6978161 010010101110110
-11516597 01000010010010
-14998272 010010101110010
-15588081 010010101110100
-11123381 010010101110101
-14797567 1010110101010101
-14662400 1010110101010110
-14207742 010010001110010
-14203648 010010001110011
-13036267 010010001110100
-13761279 010010001110101
-13564672 010010001110110
-1776161 010010001110111
-10332836 010010001110001
-12516089 010000101100000
-12036861 1010111110111011
-10025726 010010010010000
-9931520 1010111110111000
-11385539 1010111110111001
-9304832 1010101110010001
-9145088 101011010111110
-9304824 010001011101001
-7666428 010000000110000
-6974207 010010101101010
-6814464 010010101101011
-5790462 010001000010101
-4737790 010010101101100
-4061951 1010101000101011
-1846014 1010101000001000
-1243903 1010101000001001
-396032 1010101000001010
-260864 1001000111101
-195328 010000111101101
-129789 10010011010001
-391932 010000110111100
-195325 1010111100111010
-64256 01000100001000
-129791 1010111100111011
-16776192 01000100110110
-8092540 01000011011100
-16722944 010000001111111
-16731136 0100010100001
-16735232 010010100010010
-12495807 1010101000101001
-13548495 1010111100110001
-3287859 1010101001110000
-12303292 1010101001110010
-4934476 1010101011111001
-16718847 01000100111010
-8223613 010010100010011
-11443120 1010100101101001
-5065549 1010111100110111
-16309242 1010111101010010
-396040 1010111101010011
-16677888 1010111110011000
-8747909 1010111110011001
-8092538 01000100000110
-16354300 1010101110011110
-15571952 1010111110011010
-13683667 1010111110011011
-15580143 1010101101111100
-3750715 010000111111001
-16595967 01001011111110
-16776189 1010111110011101
-592651 010000111111010
-2698027 010000111111011
-8223615 1010101101111101
-7961467 101011001101001
-16579584 1010101110011010
-16604159 1010101110011011
-12635076 1010101110011111
-15391727 010001111000000
-9538454 1010111100101001
-16403455 1010111100101010
-16743420 1010111100101011
-10722215 010000001100001
-8616839 010010101010010
-16157684 010010101010011
-16448512 101010111101110
-16272382 1010111110011110
-15985655 1010111110011111
-16288767 010000011000100
-16116724 010000011000110
-16714746 010000011000111
-16362496 010010101010001
-5987166 1010110010000110
-3881790 1010110010000111
-16288768 1010100010110000
-16448510 1010111011100011
-9608091 1010100010110001
-16178173 1010100010110011
-15924217 101010111101010
-16096256 1010111011100000
-16251901 010000011011110
-11053989 101010100101000
-15989759 010000011011000
-12700621 010000011100011
-12041147 1010100011001000
-16030714 1010100011001001
-9673630 010000011011101
-10857388 01000001110000
-15981566 1010111010001010
-16022523 1010111010001011
-15776768 01000001101101
-16223225 010001001000000
-10918826 1010101110001010
-15129578 1010101110001011
-14740464 1010111010001000
-15584254 010001001000001
-15657983 010001101011000
-15707136 1010101110000111
-14740466 1010111001111001
-15711230 010000011001010
-15502335 1010100110111000
-12770262 010000011001011
-11451317 010000111101001
-13941711 010001011011000
-9345941 1010101110001100
-11254706 1010101110001101
-13294550 010010111100110
-14478336 010010111100111
-14023679 010001111011101
-13827072 1010110011100110
-13696000 010001001000011
-13630461 1010110001110111
-13433856 101011100010010
-13368320 010001100000100
-13818853 010010001000000
-9939885 01000101100100
-14015466 010010001000001
-12319740 1010100011000110
-11705344 1010110110001000
-12577775 1010110110001001
-9735167 010001110111110
-9370623 010001110111111
-8977408 01001000100001
-12106689 01000000101100
-8453114 010000111010000
-3816257 010000111010001
-7601144 010000011010000
-7011327 01000111011110
-6683645 010001100101000
-6749184 010001100101001
-6487040 010010100111000
-5856252 010010100111001
-5962743 010001110111010
-5438464 010001110111011
-5176320 1010100110111100
-5110781 1010110011000101
-5241854 01001010011101
-4934656 1010100110111101
-4213760 010000000101000
-4389886 1010110011000111
-4193275 010010011111010
-2489342 010010011111011
-1113088 1010101001000001
-654333 1010101001000010
-130040 1010101001000011
-592895 1010110011101000
-785405 1010111111011000
-261116 01000111000110
-130042 1010111111011001
-261115 101010001110110
-457728 1010110101111001
-330752 1010101000010001
-457725 1010110101101001
-130043 1010101000010011
-326656 10101010011000
-64508 101011110000110
-64509 0111001101010
-261120 1010101111111010
-195584 10101111000010
-64511 101011010111101
-261118 1010111011101011
-64512 10010001100111
-195582 1010111011111
-15441132 010001011110001
-15383787 010001011110100
-16579837 01000110101010
-14666976 1010101110110011
-8158333 10101110111101
-15842545 010010100110101
-15645936 010010110110011
-16375033 010010000011010
-16710912 101010111010011
-16678144 010010000011011
-16743679 010010000011001
-11971768 010010100110110
-7830647 010010111110101
-461831 1010111010111010
-2763820 1010111010111011
-11377837 1010110100001010
-16047351 010010100001001
-11377840 01000110000000
-16579839 010010100110010
-16313595 010010100110011
-9538707 010000111110110
-16710910 01000011111010
-16743677 01000110111000
-8027258 01001010011000
-11971766 10010000110011
-5921882 1010100011010110
-16669950 1010101010000001
-7896188 101010101001110
-3025966 1010110001000001
-16174323 1010110100001000
-13352144 1010110100001001
-16575738 010000000001100
-14470362 010000011101111
-2632750 010010100000010
-16776442 010000000001101
-16030963 010010100000001
-16612604 010010101001011
-16526587 1010101010000101
-9211019 1010111000110000
-8617093 010010111100001
-16645371 1010101000110010
-10722469 1010101001111000
-16280832 1010111101001101
-16252160 01000000000100
-11779260 1010111000110011
-16149760 1010100110100000
-16112893 1010110001110011
-16207102 1010110101100010
-15924479 01000101001000
-11648191 01000101001001
-6777961 1010111101001001
-15711488 01000010011011
-11320509 1010111111001101
-15518975 010000010010101
-15719677 010001101000011
-15662334 101010011010001
-15707389 1010110010010001
-11189439 10010001010001
-11320506 10101001010000
-15645948 1010101111100011
-15334656 010000010010001
-15457534 1010110110111001
-11189437 101011110101101
-11246770 1010110110101011
-15654131 010010100011001
-15723764 1010101011101010
-15830253 1010110110101000
-13561069 1010111101000111
-14613755 010010100011010
-13233391 1010101011010011
-13434111 010001111100011
-14281963 010000100101011
-14150884 010000100101000
-13364478 1010101011010000
-13040895 1010101011010001
-14150894 010001111100010
-13102333 1010101011010010
-12909820 010010100011111
-12496127 101011110100010
-12385532 1010100101010010
-10919166 101010110010010
-11533557 1010110110100000
-10202367 010010100011000
-9895167 1010100011010100
-9239807 1010110110101010
-8977660 1010100011010101
-9436410 010001101000100
-9043200 1010110110111000
-8842482 010000010010000
-8781056 1010101111100010
-12561601 1010110010010010
-8092924 1010111101011001
-7535871 010000100110010
-8125688 1010110010010000
-7535869 010000010010110
-7011578 010000010010100
-6814976 1010111111001110
-6552827 1010110110111010
-6618366 1010111111001100
-6618368 010000100000001
-6159616 1010111101001000
-5922048 101011110100000
-6094075 1010110001110000
-5307647 1010110001010010
-5045501 01001011110001
-4914431 1010111000110010
-4914429 1010111101001110
-4259068 010000100110100
-3472635 1010111101001100
-2948351 101011001011110
-2882816 010010111100000
-1768700 1010101010001100
-1703168 1010101001111010
-1309952 010010100000000
-8227984 1010101010000100
-589053 010000000110100
-785664 010010101001010
-326909 1001000111111
-523520 1010101010000110
-8223877 010000000001110
-195836 011100101011
-64762 101011101001100
-523518 010000011101110
-326911 010001000101
-195833 010010100001010
-392448 10010001100001
-64763 100101101100
-326912 1010110001000000
-261376 01011110100
-64765 1001100111011
-261375 0101011111
-64766 0101111100
-130304 010101101000
-64767 10100001100110
-457978 010001010101000
-64768 01110110010
-16305657 010010000011000
-13680081 01000110010110
-9276814 1010101010001011
-7765367 1010101110110010
-16502268 010000100111101
-16645630 01110111000
-16776704 1001000010111
-15703536 010010111110100
-16727552 010000100111100
-16715264 10010001100110
-8093051 0100001101001
-16776703 1001001101011
-5791066 010000100111111
-15715823 010001011110000
-3091759 1010101000010000
-9145739 1010101000010010
-7896442 101010111010001
-12033463 1010110001000010
-15642096 1010111010111000
-16727551 1010110011101010
-13614542 010001100101011
-16678397 010001100101010
-7826806 010001100111110
-12168636 010001100111111
-2960688 01001010010000
-16645632 01001010010010
-15637997 1010000110011110
-16158197 1010110101111000
-15646189 1010110101101000
-4668742 1010000110011111
-855312 101010100110110
-16653822 01000110011100
-15785460 010001100111011
-15908338 010001100111100
-16580096 10101100010010
-9145737 1010110110000101
-3157301 010000111100001
-15707628 010001011110011
-16477696 010001100000111
-16391679 010001100101111
-10263961 010010001100101
-9866643 01001001110110
-13614540 101010010100100
-16715260 1010110110000111
-16383485 010000011001000
-16047602 010000011001001
-16678396 010011000010001
-16711164 10010001101101
-7961981 010001100001100
-16178676 010001100001110
-9276812 010001100001111
-15719914 010010111101111
-9145741 010001101010010
-5987677 010001101010110
-16514557 010011000010110
-8093053 10010000001110
-16317952 101011001110010
-16297472 1010111000101101
-15781368 101011100111101
-11845053 01000110101101
-16244224 010001101011110
-16055805 010001111010111
-16113150 1010110110001111
-9739677 101011100010111
-16121344 1010111000001100
-11910592 1010111000001101
-16231933 010001111101100
-8158584 010001111101101
-15785468 010001111101110
-16178686 010001111101111
-11713978 101010111000100
-6778220 010001111010010
-15834622 01000111101010
-16178683 1010111100001110
-15990271 010001111010000
-15912448 1010111100001111
-3620154 010001111010001
-5725530 1010100011101001
-15183337 010001111001000
-15793664 1010100100010100
-15777280 1010101001101111
-11386302 010001111001010
-15662592 010001100001010
-15728127 010001111001011
-15638013 010001100001011
-13032918 010001101010001
-15654398 010010111101100
-11451835 010001111000111
-15134196 010001111000011
-15068657 010001111000101
-13426134 010001110001000
-15265266 010001110001111
-15060480 1010110000001100
-9342355 1010110000001101
-15904239 1010110010100100
-3091763 010001111111000
-986385 010001111111001
-15629810 010001111111010
-15715825 1010101101011001
-14679552 1010110010101000
-13561328 1001000110001
-13692402 1010110010101001
-14204416 010000111011010
-14544379 010001111111100
-14155264 010000111011011
-14085628 1010111100110011
-13696512 1010101111001000
-14675441 1010110001001111
-12643825 101011001010101
-13561344 010010101100100
-14085608 1010100101001101
-13102592 010010011101010
-12975613 010001111101011
-13041152 010010011101011
-5791074 010010101100110
-2039073 010010011101110
-10591647 010010011101111
-12320252 1010110110001010
-12381693 1010110110001011
-11398637 010000111011001
-11992576 1010100011100000
-12058110 1010110010011011
-12381682 010011000011001
-11599360 1010110010011000
-11267580 1010110010011001
-12447216 01001010110111
-12578286 1010110101111110
-12250607 010011000011111
-11140606 1010111011110000
-11468281 1010111011110011
-12312029 010011000011100
-12570062 010000001010111
-9043451 010000001010100
-8777201 010000001010101
-9371127 010000001010011
-8846848 10010000001011
-8584700 10010001001110
-8781311 1010101001110100
-8650239 10010001001101
-8224256 010001011001010
-8191488 010001011001011
-8027647 010010010100000
-7994880 010001011011100
-8125950 10010001001100
-7601664 101010001110010
-7208446 010001011001110
-7077371 010001011001111
-7142912 010000001010001
-7208447 010001111011111
-7077373 1010110010011101
-6553084 1010110110010011
-6684159 1010101101011101
-6422013 1010100111111010
-6118910 010001011000010
-6159870 10010000011010
-6249983 010011000000001
-5987840 010000110001001
-6028800 101011001100000
-5504507 1010100110111010
-5570048 01000011000001
-5504510 010000110110001
-5373440 010001011000111
-5242365 01000010110100
-4980224 10010001001000
-4849149 01111111100111
-4980222 01000010110101
-4849151 101011000101110
-4718080 01111111100110
-4718079 010011000001010
-4587008 1010101011011101
-4324861 10010001001001
-4324864 010011000000011
-4455933 010000101000111
-4062720 1010110011111101
-3931648 010000111110010
-4128247 1010101110111000
-3472896 1010101110111001
-3407358 010000010111001
-3276287 10010001101011
-3014144 1010100011001111
-2752000 010001011000100
-2555392 010010110101000
-2358784 010010110101001
-2293248 10010000001010
-2096640 1010101011110000
-2096639 1010100111010110
-2039294 1010100111010111
-1900032 101011100001110
-1703421 01000001010000
-1637888 1010110011001101
-1310207 1010100011110010
-1572347 1010110011001011
-921087 010010101010110
-8228237 1010111111010000
-982528 1010111111010001
-654846 1010100111101011
-785920 1010111000011011
-785919 010010000001011
-720384 10010000110100
-654848 101010010101010
-654847 010000110000110
-589312 010000110000111
-65016 010010000001000
-392702 0111001010011
-523776 1010111000011001
-261628 1010111001100
-65017 10101110110110
-65018 01000001010001
-392701 01000010001000
-458240 1001000000100
-65019 01001000101
-392704 1001000001010
-327168 010100111
-65020 100110010
-523773 101010111101000
-196096 010010110000
-65022 010111111
-130560 1001001001
-130559 01011101
-65024 1010000111
-261629 10100110011
-16711423 1001001100
-16744192 10010010000011
-16727808 010010010000101
-16776960 010101101001
-16723712 1010100100111100
-13020871 1010100110011001
-8289919 10101011000110
-12500671 1010111110000101
-921103 1010110000000011
-16715520 1010101111011110
-16719616 101011001101101
-15515373 1010101111011111
-15580909 010010011001101
-1248787 01000011100100
-16711424 1001000001110
-16727807 1010110000001011
-16580350 10010010001010
-8158846 1010000110000
-15515374 1010100101000111
-15527662 1010110000000100
-13614799 1010110101000100
-13418190 1010110101000101
-15974131 1010100100110111
-16166648 1010110001100010
-2104866 1010100100111001
-3157554 1010100100111011
-3354163 101011000010111
-7564915 101010110110110
-5262930 1010110000000101
-15777522 1010100100111110
-15658733 010000110110101
-15572720 010000100011101
-16776958 010001001100000
-10792615 010001001100010
-1973789 010010111111011
-12500669 010001111100101
-16645888 010001111100110
-16445177 1010110110110101
-16711421 0101111001011
-15716078 010010111111111
-15711982 1010101100001011
-9473684 010001000011111
-15585007 010001000001111
-16735997 010001001111001
-11120299 010001000011101
-16342779 010001001100110
-5856859 010001100010001
-7962235 101010110000010
-16776957 101001100101100
-13352649 1010100100110011
-3092013 101010011100110
-4210244 1010111000100011
-12107453 010001001010000
-7896701 010001001010001
-16051953 010010100101011
-16420607 101010011100111
-15384304 010010001111100
-15642348 1010100111110110
-16776955 1010100111110111
-16051955 010001000100101
-9735827 010001010000011
-16027379 010010001111101
-12107455 101011010011000
-9670294 1010111110001101
-15986422 1010111110110101
-16580348 010001010000001
-15523564 010000110111111
-8158844 01000100110111
-16281344 010010101000001
-10858158 1010100100100111
-9608859 1010111110010101
-16158464 010010101001100
-15789821 010010101001101
-15900416 1010100100100011
-15843072 010010000111001
-16121596 010010110001100
-11714237 101010111110100
-14073561 101011011110110
-15851263 010000000110011
-16314104 01000010101110
-14741232 010010000111011
-15130346 1010100100100001
-15728384 010001000110001
-15707904 010001000110111
-15589120 010001010001100
-13426399 1010100101110101
-15515392 010001000010011
-11452094 010001001110110
-11189952 01001000010011
-11452092 101011111001000
-15331072 010001010001010
-11517626 01001000001010
-15134450 010001000111011
-15585019 010001010001000
-15138559 010001110101011
-14995197 101010001011111
-3288620 01000101011101
-15138560 1010101111000001
-15310577 1010110111110101
-3419695 01001011101111
-3092020 010000100001000
-15965936 010000100001001
-13876944 010001010011010
-11574957 1010101000101111
-15970032 1010101111000101
-14933759 010001010011011
-15785711 010000110101010
-15720178 010001001110000
-11574959 010001001110001
-15773423 010001010111111
-3026481 1010111101011100
-14745343 1010111101011111
-1052176 010001000000100
-15777520 010001000000101
-3157552 010001001010111
-14991100 010001001110010
-3288622 010001010101101
-15707889 010001101100011
-1183246 10010000100011
-15720177 1010111101011101
-13692657 01000010111000
-13823731 010001010110110
-13561582 010001010110001
-13430512 01001001001011
-14413568 010001010110101
-13299437 01000100000101
-14020340 1010100110010101
-14089984 010000100100110
-12775152 010000100100111
-13696767 010001011100111
-10464946 1010101000000001
-13758208 1010101011001011
-13299451 101010100000110
-12709618 1010101001001101
-13434622 1010101011001001
-13500160 010001011010110
-13483776 1010101001010110
-14610156 01000101110010
-14348016 1010100110101010
-13172479 01000010111010
-13631225 1010101001011111
-14085871 1010110101100100
-12713728 1010111001000011
-14667489 010010100010100
-13627121 101010100100111
-12517120 010000101111001
-12504832 010010100010101
-12447488 1010101111110110
-12513019 1010101101100111
-11988734 1010101101100101
-11988732 1010110101100111
-12513007 010000100101100
-11468544 010001010010111
-11403008 0100101110001
-11468542 010001001011001
-12447465 1010110000100000
-12250861 1010110000100001
-10919680 010001100100001
-11857648 1010110001011010
-10747648 1010110001011011
-10551038 010000001000011
-10419965 010010110110101
-10092283 1010110000100111
-9895678 1010100101111111
-9633535 01001011100001
-10350323 1010101001111111
-11845313 101011011111011
-8978175 1010101101010001
-8912637 010010100000101
-8716032 10010001000111
-8847102 101010010111011
-8453884 1010110100011101
-8417023 010010001100111
-8584957 1010111000010011
-4210240 010010011011011
-8322816 1010110010010110
-7732984 010010011011001
-8191743 01001010000011
-8322814 1010110010010101
-8191744 101011010001111
-8060672 10010001011011
-7864064 1010011001010101
-7667455 1010011001010111
-7765758 1010110100101010
-7274239 010001010011111
-7339773 1010111000010111
-6881022 010001001010101
-7012096 1010101010011011
-6618877 010010011100011
-6684413 1010101011001111
-6618879 10101111111010
-6618880 101010101001100
-6184703 1010101011100001
-5832445 1010101010010010
-5897984 1010101010010011
-5963518 1010101110110101
-5701376 10010001011100
-5570302 101010101001000
-5635840 10010001000001
-5570303 1010111010000011
-5308157 1010110000111011
-5439231 101011100101010
-5439232 01000011001111
-5177087 01000010001011
-4980476 101011010100110
-4914940 1010110101110010
-5046015 101010111011011
-5046016 101011100101101
-4914944 01000111111010
-4783872 10101100001010
-4652799 010000110011101
-4587264 1010100101011000
-4390656 010000010011111
-4325120 01000011001011
-4521724 1010111010100011
-4390654 1010111010101011
-4128512 010001111110011
-3931904 010000000100111
-3735294 010001011111011
-4013820 1010111111011100
-3866366 1010101100010000
-3735296 1010111001000111
-3211003 010000110100000
-3604221 010000110100001
-3669756 010000100011110
-3604220 1010101011010110
-3342080 101010110010111
-2752249 1010101011010111
-2948864 1010101011010100
-2817792 101011100100100
-2686720 01111111110110
-2432768 010010100111111
-2424576 1010110011101101
-2359040 1010111011001101
-2555644 01001001100010
-2162432 1010100110000000
-2555642 1010111011001110
-2096894 1010111011001111
-1638140 010010010110100
-2096892 010010010110101
-1769216 01001001100101
-1638143 010010000000000
-1769214 010000101011000
-1507071 010000101011001
-1507072 010000011100111
-1310458 010010000000101
-1376000 1010111111010110
-1310464 1010111111010111
-1113855 010010100111100
-1244925 010010100111101
-1113856 1010110110111110
-982784 1010110110111111
-982782 1010110000110111
-786176 0100000101111
-65269 010001001001101
-720639 10010010001111
-720640 0101111101110
-589566 1010110100100101
-65271 010001100100110
-655104 1010000110001
-524032 010000011110
-327421 01010110000
-458495 0111111101100
-130810 100100010101
-65273 1001000101100
-327422 0111101100
-458496 01111111110011
-392960 0101111000
-65275 0111110011
-130812 10100001101
-458494 0111111110100
-261888 010000011101011
-65277 0101000
-196352 0111000
-130813 100100111
-130816 01110011001
-65279 1010010
-327419 101011101100001
-392955 010001100100100
-65280 01011100
-16748544 010001001111110
-12566464 010000011010110
-16777216 1001010
-16457724 101010111110011
-16613374 1010111000110111
-16396283 1010111000110101
-16183287 1010111101101111
-16650239 1010110000010011
-15568878 1010101011000101
-13352908 1010111101101001
-15724528 10101011101010
-986896 10010000001100
-3092272 10010010001001
-8089468 1010110001111111
-7896953 1010111010011111
-16732160 01000011100101
-16719872 10010000010000
-16723968 101011010010111
-16736256 010001001111111
-16646141 010000001100110
-12955589 010010000000110
-16715775 01000001110100
-16744447 1010111000110100
-16740351 101011111000011
-16650240 0111001000011
-16662528 10010010000010
-16711680 011100110110
-16601085 1010110100001110
-6381409 01000001101010
-5328721 010000011101010
-2170657 010010101111010
-1314582 1010111000111100
-3223345 1010111000111010
-2367270 1010111110111110
-4869964 1010111110111100
-11378605 010001001001000
-7761784 101011110110101
-8224637 101011110110110
-6119261 010010000110110
-16449532 01001001010111
-16580606 101011000001000
-16293882 01001011011011
-15650800 1010110001111100
-13221833 1010110001111110
-13488077 1010110100101100
-14999526 1010111010011110
-16347129 1010101011000100
-16244726 010000011001100
-16588800 010000011001110
-2039582 010001001001110
-16777214 010101000010
-8355710 1010101000010110
-7962492 101011110110001
-6578023 1010101101101010
-16449529 1010101110000010
-2436904 1010110100100100
-986894 1010111011000000
-15454185 010001001001100
-15589359 010000011100100
-3354417 01111111110000
-2961199 10010010000001
-8028026 01001001110010
-14802915 1010110000110100
-8351613 1010110000110110
-12955591 1010110011100010
-14274523 1010110011100000
-4276035 1010100111000000
-16592895 010000011100110
-16646143 010010000000100
-16580608 10010010000000
-16449530 1010111010101101
-15843315 1010111010100100
-16723965 010010010110110
-16711678 101011101100011
-16400383 010010011110110
-16515072 010000001110000
-15065058 010010011110001
-16777212 10010001111001
-9207689 1010110100000110
-2105125 1010111001101010
-16646138 1010111011001100
-13225934 101011101101111
-3157813 101011111101010
-16515071 010000001110001
-8093567 010000001110011
-1117973 1010100101010110
-4276037 1010111011010000
-16445440 1010111111010010
-3813184 1010111111011110
-15511531 1010100101011110
-15572972 1010111000000110
-16347136 1010111000000111
-15331312 1010111001000110
-6578020 010001111110010
-10788772 0100011000101
-16605179 010000000100110
-5525332 010000010011110
-8683396 01001001110011
-16531452 1010100100011000
-2367268 1010100101011010
-1314580 1010111110001000
-16658426 1010111010100010
-4472644 1010111010101010
-16216064 010010000110000
-16105470 010010000110010
-11976639 101011101010000
-16187391 1010111100000110
-16166912 010010010111001
-16056319 1010110000111010
-10260375 1010111010000010
-16056320 101010101101111
-16080895 1010101011100000
-16121855 1010101110110100
-15196141 1010110101001110
-14016479 101011011010011
-16248829 1010111110000010
-16314357 010000111100100
-15794173 010010000011100
-12103605 010010000011110
-16101369 010000111100110
-15790078 010010011100010
-15986687 1010101010011010
-14143451 1010101011001110
-14807024 010001000000110
-15192042 010001001010100
-16117756 010001010011110
-15990782 1010101101010110
-16379896 1010111000010110
-15785984 1010011001010100
-3686200 1010011001010110
-7896952 1010100011110111
-15843327 1010111011000101
-15654911 1010011001011011
-15532029 1010101111101010
-15728640 1010110010010100
-15519742 010001010011100
-13623263 010010011011000
-15577085 010010011011010
-15597565 101001100101000
-15663104 1010110001010110
-15716351 1010110010110010
-15654909 1010111000010010
-15507456 010010011111100
-15335422 1010011001010010
-15466495 1010110100011100
-15327232 010010100000100
-15323136 1010110100011010
-15466493 1010101101010000
-1183499 1010111010010110
-14999550 1010100101111110
-15138816 1010101001111110
-15204351 1010110111111010
-14745595 1010110000100110
-15060991 010010110110100
-13684684 1010110001011110
-15781869 010000001000010
-13418449 010000001101000
-15577073 010001100100000
-3354415 101011011111001
-15589361 1010111001110011
-14811136 01000010111111
-13492180 010001010010110
-15724530 101010010110011
-3092274 101010110110000
-15638513 1010110000100010
-15777775 1010110101100110
-13758450 1010101101100100
-14680064 1010111001001110
-13692914 101010110101111
-14479358 1010101101100110
-13692915 10010000100000
-14548992 10101010001000
-14483455 1010111001000010
-14680061 1010100110101000
-14217214 010001010100110
-13430762 1010101001011110
-14544892 010001010100111
-13561833 010001100011010
-14221311 1010101001011100
-14217216 010001100011011
-12972015 1010111110001010
-13492194 010000100100010
-14544882 1010101001001100
-12840943 1010100110100110
-12972012 010001011100110
-13823998 1010101011001010
-13631488 1010101100100000
-13565952 1010101000000000
-13221884 101010001101001
-13352960 1010100110101110
-13369344 1010101000001110
-13365248 1010111001011111
-13234173 1010100110101100
-13500412 1010100110010100
-13172736 010000110010100
-13152256 010001010110000
-13234161 010000110010101
-14020589 010001001010110
-13037568 01000101110111
-12976125 1010110000111101
-12976128 1010100100000000
-13496306 01000100000000
-12779520 1010111001011000
-14729183 1010111101011110
-1974050 010001010101110
-12439550 010001010111100
-11726835 010010011000010
-12582912 101011011110001
-12582911 01000101001100
-12513280 010010011000011
-11726833 101010111100011
-11792369 010000110101000
-12382208 1010101000101110
-11399151 1010101111000010
-12365824 1010101111000100
-12320767 1010110111110100
-12451836 1010110111100100
-12058624 1010101111000000
-11927549 010001110100000
-12058623 010001110101010
-11972608 1010110111100110
-12382193 010000100001010
-12447729 010000000111111
-11595776 010001000111010
-12316652 010000000011010
-11403262 1010110010111010
-11378688 010001010111000
-11206656 01000100011111
-12185584 010001000010010
-11272190 010001000110100
-11468794 010001100110111
-10788862 010001000110110
-10944512 101011001011000
-10854400 010000000110010
-10878976 01000100011001
-10813440 01000100011110
-11010045 010010000111010
-11857898 010001000010110
-10616832 1010111111000010
-10485758 010010000111000
-10092544 1010111111000011
-9895936 1010100100100010
-9629695 1010111111101111
-9605120 010001111011010
-9895932 1010111110010100
-9699326 010000111101110
-9568255 010010101000000
-9502720 1010100010110100
-9437184 1010100010110101
-9240574 010000110111110
-9306112 010001010000010
-9437181 1010111110110100
-9175040 10010001000110
-12308431 010001000100000
-9175039 010001000100010
-9109504 1010100100001011
-9043968 010001000100110
-10088431 010000110111010
-8978432 1010101011111010
-12373964 1010111110001100
-8716285 01000101101111
-8716286 010001000011010
-8912895 10010010001110
-8683518 1010111100100000
-8814592 1010111100100001
-8716287 010001001010010
-8781824 10010000010111
-8716288 01000100111101
-8781823 1010100111011010
-8585210 1010111000100010
-8650752 10010010000101
-8454141 1010111011100111
-8519677 010010110100100
-8650750 10010010000100
-8585213 1010100100110010
-8585214 1010100100110000
-8388608 010001000011100
-8323072 010001000001110
-8060924 1010111100100111
-8191999 010001000011110
-7995388 010010111111110
-8060927 010010111111010
-8126464 10010000011000
-7995389 010010111111000
-8060928 1010100011111000
-8257532 010000001000000
-7892991 010000100011100
-7995392 010001111100100
-8191995 1010110110110100
-8060926 010000001001011
-7929856 010000110110100
-7995391 10010000011001
-7733246 1010110000001110
-7667709 1010111100010000
-7602176 101011000110011
-7602175 010000110110110
-7405566 010010001001110
-7405568 101011000110010
-7340032 101010011011000
-7274496 1010100101000110
-7143424 01111111011011
-7077888 10010000010110
-7340028 1010110011010111
-7077887 1010110000001010
-6946815 1010100100110100
-7012350 1010100100111000
-6881280 1010100100111010
-6815744 010010010011000
-6750208 010010011001110
-6684672 10010001110111
-6619136 010001101101111
-6553599 01000000010111
-6422525 1010100101101110
-6553597 101010011001111
-6619132 101010111101101
-6422527 1010111110000100
-6094847 1010100110011000
-5898236 1010101111011000
-5963770 010010100010110
-6094848 101011000110110
-6029312 01000001001101
-5988352 1010101111001100
-5963776 010010101011010
-6029311 1010110001101110
-5832703 1010111000011000
-5963773 1010111000100110
-5767168 0111001000101
-5505019 1010101000011011
-5636093 101010100001111
-5636095 0100100101100
-5570560 101010011110110
-5505024 0111001010010
-5373952 1010111000011010
-5373951 1010100111101010
-5111806 01001001010101
-5046269 1010100101111011
-5242880 1010111110101000
-5046270 1010110011001010
-5111808 10010000000101
-5046272 0111011001100
-4784124 1010100100001100
-4980736 10010000000100
-4980735 01111111010101
-4849661 1010100100001110
-4784126 101010101111001
-4849664 0111001011101
-4784127 0111011000000
-4980733 01000010011100
-4784128 1010100011001010
-4849663 101010010001000
-4718592 101011001111001
-4390908 010000010110101
-4718590 1010110011111100
-4521984 010000101000110
-4653054 101010001100110
-4456448 10101010110000
-4341759 1010101011011100
-4390912 01001100000010
-4259839 010001011100001
-4259840 010000110110000
-4210688 1010110011110110
-3801082 010001011000110
-4194302 010000110001000
-4063232 010010111010100
-4128766 010000110001010
-3997696 010011000000000
-3801086 101011111010010
-3932159 01000011000000
-3866624 010001101101001
-3735551 010000010110001
-3932158 10010001001010
-3735552 1010110110010010
-3538944 010000001010000
-3670014 1010110010011100
-3407872 01000101101101
-3342335 010001101101010
-3276798 010001101101011
-3407871 0100010110100
-3276800 10101011111100
-3211264 0111001011100
-3223551 1010100011010000
-3473404 1010101000000111
-3407869 1010111101010100
-3092480 010000001010010
-3080192 101011001001111
-3080189 010000110101101
-3014656 1010111011110010
-3145726 1010111101010101
-2883584 010000111011111
-3145724 010011000011110
-2752510 10010011010010
-2818048 1010111000101000
-2818045 010000110101110
-2752512 1010100011100010
-2818046 1010100101101100
-2555904 010011000011000
-2621439 010011000011010
-2490367 1010110010011010
-2228222 1010101000100110
-2228224 101010001110111
-2162687 1010101000100111
-2097152 1010110001001100
-2097151 010000001001111
-1900544 01001010110001
-1703931 1010100101001010
-1835008 010001110110000
-1703934 10010011010000
-1769471 101010010100111
-1769472 010001111001110
-1835007 010001111111110
-1638398 1010100101001100
-1703933 1010110001001110
-1638400 01000111100110
-1572864 1001111011001
-1310716 101010100110101
-1441789 010001110101001
-1507328 101011001010001
-1572862 1010110001000110
-1441791 010000001001000
-1310720 010000001001001
-1114109 101011110101000
-1245184 101011001010011
-1179648 01111111111000
-1245181 1010100010111000
-1114112 1010100010111001
-720891 1010101110011000
-851966 010001111000010
-8163214 010010111001011
-1048575 10010000110110
-917504 010001111000110
-1048573 010001101010000
-655355 010010111011100
-8359821 1010110000011101
-786432 0111001000001
-589822 010010111011000
-720896 0111011000001
-655357 1010101001101110
-655360 0100101010111
-131064 1010100010111011
-65528 0100100000011
-589824 010101101010
-851964 101010001011110
-917499 1010101001100100
-983034 1010111100101100
-655359 101011110010111
-262140 010001111010110
-393214 01010011000
-196603 011100101000
-524288 01110111010
-327677 10101010111101
-458751 101011010110111
-196604 10010011010101
-458752 101010110100
-524287 1010110100010100
-131065 1010110110001100
-65530 101011110111
-327679 01000101111011
-458749 01001100000110
-196601 01001100001001
-393216 10010010001101
-8093569 010000111100000
-524285 010010000111111
-131067 01010110110
-327680 0111011011
-65532 011111010
-393215 10010111101
-8032135 010010001101111
-196607 01001111
-131070 1001101
-262144 10011111
-393210 1010110110000110
-262143 011100111
-458748 10010001101000
-131069 100101100
-196608 10100111
-393212 01001010100010
-196605 0111111100
-262142 100111101111
-131072 1011
-196606 01111110
