50
50
-10070682 01000000
-1 00
-3364148 010110101
-10753 01011010011
-3353140 01000001
-13423821 0100100
-13434829 01011011001
-10059674 0101101110
-13413069 01010111
-6717287 01001110
-3342388 01011010010
-16766208 010011111
-16777216 010100
-6706535 01010100
-16744448 01010101
-16733696 01011000
-16722688 01011001
-16711936 1
-16755456 01010110
-65485 010011110
-3342592 01011011000
-3353344 0101110001
-3407872 0101111
-10081485 01011011010
-6706484 0101110010
-6750208 0100001
-6706688 01011011011
-10092544 0100101
-10059776 01011010000
-10070784 01011010001
-13434880 0100110
-13423872 0101101111
-13380352 01011100000
-16766157 01011100001
-52 0101110011
-13369600 01011101
-256 010001
-65536 011
