500
500
-13423821 11010001
-16777216 11000
-16711936 0
-16722688 11010111
-1 10
-3364148 1101111101
-10753 11011010001
-6728295 11001110000101
-13402061 11001111001110
-13413069 110110111
-3342388 11001111111
-3353140 11010100
-16755456 11010000
-16744448 110111111
-16766208 110110110
-16733696 11010011
-13434829 1101001001
-10059674 110101011
-10081434 11011010000000
-10070682 110111011
-6706535 110110101
-6717287 110111010
-6717440 11001111000
-6706688 1100111101
-6739200 110110100000110
-6695680 110110100000111
-6750208 11011110
-6717389 1101101000001000
-13380352 1100111000011
-13434880 1100110
-16744397 11001110000100
-16766157 11001110001
-16777165 1101101000010
-13369600 11011100
-16755405 11001110100
-13413120 1100111011
-13391360 1101101000001001
-13402112 11011010000111
-13423872 110100101
-16733645 11001111001111
-16711885 11010101010
-16722637 1101101000011011
-52 1100111110
-10804 1101010100101
-3342337 11001111110
-3353089 110100100010
-3407872 110010
-205 110011100000
-3353344 1100111001
-3342592 1100111100110
-3364352 110100100011
-65485 11011111001
-10092493 1101010100100
-6706484 11001110101
-10070733 11010101000
-13413018 110101010011
-6695476 11011010000001
-13402010 110110100001100
-3353191 1101101000011010
-10081485 110110100100
-3364199 110110100101
-10081536 110011110010
-10059776 11010101011
-10092544 11010110
-10070784 11011010011
-10059623 11010010000
-256 1101100
-6728346 1101101000001010
-3407821 1101101000001011
-6717338 11011111000
-65536 111
