500 500
-16515325 01000001011
-16580862 01000000
-16679167 01011100110110
-16646399 1000
-10260637 0101001100111100
-16384251 011100100110
-16449788 10101100111
-16318714 01110010110111
-15704304 100101110011001
-1 00
-327686 010110010111111
-262149 01011011100011
-16740608 0101001100111101
-16736512 01010111110011
-16728320 1001000110011
-16724224 0101110000100111
-16711936 01100
-16716032 10011000100100
-7368817 010101000110001
-6316129 100101100111000
-3158065 101001010110100
-2105377 01110101100100
-458760 1001000010001
-393223 101001010110110
-1052689 101001000110001
-16400636 0101100011110011
-9605268 0101001100000110
-15700207 100110010100001
-16670976 01000111100010
-16662784 0101011110011010
-16658688 0101011110011011
-16711935 01101
-16724223 101001011001000
-16646400 11
-2433061 0101000111011100
-921616 0101110000101011
-655372 100110010010001
-589833 010110010111011
-262150 0101101111101
-327685 100100110110
-131076 010111110
-65537 0111100
-196611 01011111111
-16388348 010110110011011
-16597245 010101110100100
-16580861 0111101111000
-16515326 0101110100000100
-8552580 01010101101000
-6447204 010101110101001
-5394516 101011101110100
-4538437 010110010111000
-4341828 101001010010111
-16318716 010101000111111
-16732414 010101000110100
-16711934 10100111101
-720906 010101010101001
-2105379 1001100011110110
-16269563 010111000110100
-15462634 1001011000000110
-16662781 0101110100000101
-3158067 010111101110
-16384249 01110101110010
-16515327 100111011010
-16613632 100101101011011
-16580864 100110111
-16584960 101001010010110
-3 0111011
-327688 011111001111010
-15192293 010101001011110
-16646398 010001000
-16658686 01111100110001
-16711933 011101010
-16670974 010101101100100
-131074 01000101
-65539 100111000
-196609 1001001110
-3289138 010101111010010
-3555382 0101110001111010
-4341826 010111010101100
-3948608 100101110110101
-589835 010110100010011
-655370 101001000010001
-790544 101001100011111
-1974302 101011101111000
-327687 011100101110
-15458537 010110010110000
-16318715 10011101101100
-16253180 101001000100100
-16539904 1001011011001100
-16613631 100101101101110
-16515328 10100111010
-16580863 100100000100
-16584959 1001011001000001
-6840428 0101010111111110
-13480143 010111000111011
-7893116 100101100110110
-987148 0101001100000111
-5 010010000
-65542 10100111011
-131079 01010011010000
-9080975 010101101101000
-16421119 010110100110111
-16384255 101011000110
-16515321 10011101100111
-16646395 101001011001011
-16580858 101001110001
-16449792 1010001011
-4276294 0101110110001001
-16711932 011111001000
-16736508 100101111011101
-393219 1001010111100000
-327682 10010111110100
-262145 10011101111
-196616 10101100010011
-8224890 100101011110001
-16318717 010100011100
-16580857 01000111100000
-8683650 0101000111011101
-3026988 100101110001110
-15319277 1001010101101000
-16462079 010101001101001
-16396544 01010111111000
-16511231 100101100101011
-16384256 1010111010101
-589837 010110011100000
-16711931 011101011111
-16646396 101001111000
-327681 01111100101101
-262146 10010011010
-6 1001110110111
-65541 101011101000
-16322816 010101011111101
-16593148 0101010011010110
-4603969 0101010111100110
-16711930 01010110101000
-327684 010110001110010
-196614 100110000000101
-393217 010111000101011
-16576763 0101100011101011
-16515323 101011000111
-16384253 0111101101011
-16449790 1010011111
-12955844 0101101001010010
-16646393 01011011000101
-16580860 1010011001
-2170919 0101010111111111
-16400638 0101011110010010
-16646394 010001110100
-16482557 0101011111001010
-16580859 1001100101111
-3289142 010110001100010
-8 010110100011101
-65543 01111100110101
-262148 01011111110
-196613 10100101000100
-458753 100110000000001
-131078 01111010000
-15982837 0101110001111011
-16318719 1001101001010
-8093821 100101101000101
-10199197 101001010110011
-4276295 0101110110101000
-8814735 0101010010110000
-16580854 0101010010110001
-16277745 0101101110100011
-9740445 100101000101100
-9937056 101001100011100
-16187647 010110110010010
-131081 100101010100011
-6844516 010111000011100
-16244989 0101110010011011
-16515320 10010111100001
-589830 0101110110010011
-15970560 0101110110011010
-15253734 010111011001000
-16244987 100101111001000
-458763 10101111100000
-16142585 010101110000110
-16318712 01010111101101
-16167161 100101110000110
-589832 101011101011100
-10530992 010110010000101
-458761 010111000001011
-15720704 0101100101011111
-15708416 1001011010101011
-15589629 010110100110100
-15515902 010110100111110
-15720702 101001101000001
-10924211 0101100100101010
-15327486 01011100111000
-15589627 100101100100010
-1249292 0101101001100010
-10993853 100110001101110
-15835374 0101101001100011
-15511793 100101111001110
-790546 0101110110100011
-15462647 100101101111001
-15835376 010101000001000
-13549778 010110111000101
-3223599 101001010100010
-14610687 0101001100010000
-13562096 101001010100001
-14545152 100100110111111
-13431023 101001010000001
-14217469 0101010010001000
-14283008 010110101100110
-13037807 010101100110001
-14610677 100101111110011
-13693184 0101101111100100
-14147816 0101101111100101
-12644597 0101100001101110
-13349118 1001100001010101
-13353213 010110110101100
-12906750 0101001101100110
-2367520 010101010111011
-2039845 010101100010000
-1843234 010110111101011
-2170909 10010111001111
-12775680 1001011101010000
-14020844 010111011001110
-2170911 010110001011101
-13562098 010110111101111
-11464944 010101000000111
-11661558 100110001111010
-12382460 010111010011011
-11989234 101001000010111
-11989247 1001011111101110
-11792620 101001011101100
-10940666 010101110010101
-11923691 1001011100110101
-10326267 010110101001001
-11256002 1001011001111001
-9736448 100110000011111
-9474304 1001011010111100
-12042440 10010110111110
-12439759 0101100111011000
-8814847 0101101100100010
-4145221 010110011010001
-4210751 010101111110011
-12497090 100101110001001
-7897342 0101100111010110
-7958784 010110101110101
-7897344 010101010001111
-5525760 0101110001001100
-4276479 0101001011001011
-4210944 100101010110111
-3485952 101001011101000
-2105597 0101100010001111
-2236672 1001011101011011
-1974527 0101011010010010
-1052927 0101100110101010
-1249534 01111100111100
-987392 0101010101001000
-659709 0101101110100001
-247 100110001000110
-248 0101010011010111
-524544 10100110101011
-131323 010101001100011
-393471 0101101001101010
-327934 01110101100010
-393472 0100000100100
-65785 1001100000000101
-251 01000111110011
-327936 10010001111101
-262400 100100000001010
-252 100100001100
-131322 1001010111111001
-196864 010110101101
-253 100101111010001
-131327 1001101101110
-65789 0100101110101
-254 01001011110
-131328 1001011101000
-262395 0101101000010000
-196862 0111010110011
-65792 011111001110
-255 100100111111
-131325 10010110100000
-256 01011110110
-65791 100101000100
-16728576 01110101110011
-15856114 01010001110110
-16736768 01000111001010
-16740864 011110110101010
-16515581 0111110001
-16744960 10010011000101
-524553 010100110000111
-257 1001111
-65794 1010101
-3223858 1001010101011100
-1118482 1001100100011100
-5329234 0101010111100111
-5787993 1001011010000100
-4276546 01010111110111
-16712192 010011
-16716288 0100011100111
-16720384 010110000100111
-13353419 0101101111000011
-3354931 0101001010010101
-16720383 010100101001000
-16712191 101001100011010
-16728575 101001000100111
-16736767 101001101010001
-393480 01011000011111
-790798 100101000110111
-3092783 10101100010101
-196867 0101111010
-65793 100111010
-16744959 01010011110010
-16548350 010101100100101
-16679424 101001011010010
-16466427 100110010110110
-12562879 0101101001110011
-15720943 010110100000101
-16318969 01111100110111
-16245239 1001010001101100
-16384508 011100100111
-9929111 0101101000111000
-7565683 0101110110101001
-8814984 101001000100010
-8618371 101001011111100
-8159614 101001100000010
-6709608 01111100100111
-16097784 010100101111000
-459014 0101001111001110
-721162 100110010101101
-259 01011111101
-131329 1010110010
-65796 101011100
-16548351 010101000101001
-16302587 0101100111101010
-16155125 100101110101100
-16278011 010111010001110
-16450042 0111001000011
-3223860 01010100110110
-8880518 0101011000001010
-11379120 010110100100001
-8487300 0101011111010000
-4276548 011111001010001
-16728574 010101111110110
-16654845 1001010100001110
-16646653 101011110
-16581120 101001010101
-16589312 100101111100000
-16515583 100110101
-16716286 0101110110011011
-16712190 1010011011
-16531968 0101010100111010
-16663038 010101011101000
-16675326 101001100010100
-16744957 1001100000011110
-4211012 010101100001010
-260 1001101000
-393478 1001101001000
-6316388 1001011100100100
-8356221 010101111010110
-8814982 01011001010001
-10920358 101001000001011
-14864866 0101110000011100
-16515584 011100110
-16527872 01111101001101
-16450041 100101101000111
-261 0100000110010
-16646651 01010001001
-6447463 0101010100111011
-16400895 0101101001110000
-16450048 01111010001
-459012 101001011110101
-131335 1010111110110
-16712188 101011111100
-8618375 0101010000000110
-131336 0100011110100
-262 010001110101
-6906221 010100111101100
-8155514 100110001010101
-6512999 01111100100101
-3354935 1001011010110000
-4407623 101001000100110
-11444652 010101111011001
-10723751 101001010011100
-16400896 0101100101010000
-3158326 0101101100000010
-590093 010111000110111
-196871 1001010110101
-327937 10011101100101
-16466431 01011101011001
-16712187 010111011101100
-15966710 0101010010000110
-263 0100000110000
-16380416 010101000000010
-1843483 010101011001101
-3027241 010101011001110
-393473 010111000101000
-16044531 1001010110100101
-16712186 10010101110110
-10199454 1001010111110001
-8618373 01011011010011
-16466429 010110110101110
-16646650 0100011100110
-16384510 011110110100
-5460309 10010001110000
-16478717 1001010111010110
-790796 1001011001111110
-327939 1001101001011
-196869 10011011010
-9671061 1001011001111111
-10723749 101001000110100
-16253440 101001011000100
-16585211 100101111010111
-265 010101101110111
-15069678 1001100011111100
-16089597 100101100111110
-16163325 01011001100010
-10854832 010110101100111
-16097792 100101011100000
-15069680 1001010111100001
-16187901 0101011011100110
-131338 0101100001101111
-16581111 1001011111000110
-5525849 0101001110011000
-8683913 010110010001011
-11178407 010111010100100
-655623 01011101011010
-262409 1001011110110010
-16441848 0101001101100111
-2502956 100110001101010
-655621 010100101000011
-262411 01010101011001
-15835648 0101101011000011
-393481 01011101010011
-11846075 101001010111111
-2568489 0101001101101111
-13029834 010101100001110
-3555642 100101110101110
-15720960 010100111011001
-10990004 0101100010110010
-13029844 0101100010111000
-13361631 0101100110111100
-9347484 0101110101110110
-14938613 0101100110111001
-15659511 0101001101000100
-15192576 1001010111100100
-15266289 1001010111100101
-1052940 010110111011001
-15901167 010101101100001
-3158317 01011001101100
-1184016 0101100011111110
-11313586 0101100111011001
-15565297 0101110101100010
-3289392 101001011111011
-3223856 0101011000101001
-1118480 100101111110100
-987409 010101010011111
-3092785 0101010110110110
-3289390 1001011100110100
-14340605 010010111011101
-14545403 1001011110111001
-14414333 101001000001000
-14086656 0101011100100101
-14086653 0101011001110110
-13103598 010110100101110
-14021120 010110101001010
-14008831 010101000100001
-14610934 100110010100110
-14676468 100101010110010
-14086651 100110000011100
-14217719 01011011001111
-13496830 101001011101111
-14414319 01010011011111
-13365757 0101101100100011
-13103601 100101100111010
-13955565 0101011010010100
-13091328 010110001001011
-13169142 01011100111100
-2040097 0101011010010101
-13627889 10010101000111
-12448256 1001011101111111
-12579325 0101011110001010
-10678764 1001011101111110
-10940919 0101100111010111
-10809848 0101001010111000
-12251631 01011100010010
-10854912 010111011100100
-10920446 1001011100011000
-9892341 0101010001111000
-10326528 010101010001101
-10154489 100101101011111
-10482174 100110010101111
-10129919 0101110001001101
-10351090 010111001010110
-9478654 100101100111101
-9957882 100101110001111
-12440016 010100101100111
-8647153 0101101110100110
-10220015 1001011111001000
-8815104 010111011011000
-4342080 101001000010101
-7963134 010111010011010
-7631357 010111011010010
-7832062 010100111011110
-7238141 0101100110101011
-6382080 0101011101011100
-5394944 0101010110111010
-4407803 0101010101001001
-4342272 1001010001010110
-4014587 010101011011111
-3355136 01011011110110
-3027453 0101100001101000
-2171390 100101011001100
-2171392 100101011001101
-1118718 010100011111101
-1118720 010111010100010
-1053184 010111010100011
-987648 100101011000001
-922112 101001000011010
-922109 010101110100000
-506 010101001100010
-131580 1001000000100
-262655 0100011110110
-507 010111101111
-262656 10011011011011
-197120 01110101111010
-509 01111011111
-131584 01001011111
-510 0101001100110111
-66048 01110010001
-511 1010011000001
-512 100100000011
-131582 100100111101
-8553091 0100000100010
-16495356 0101101000010001
-15643375 010100110111101
-16581374 0100101100
-16679679 1010111010010
-725516 0101001011100001
-513 100111001
-131587 101001001
-16667391 010110101011001
-10658467 010110011110001
-15655663 1001100000101110
-6447715 0101010111110100
-5395027 010101110000011
-4342339 0100000110110
-3289651 0100000110111
-16728832 0100000111101
-16716544 01111101001000
-16720640 100110000001000
-16712448 100100010
-16745216 011100100000
-16732928 100101010100100
-16741120 1001100000001100
-13152970 0101011100011010
-1053202 0101110000110101
-16728831 01000111110101
-16646912 01111100101111
-16712447 011100101001
-459271 0101110001110010
-262662 10100100011101
-66049 01110011101
-514 01110100
-8422018 010101110011100
-4211266 010111001000000
-3158578 1001100011000000
-16519934 0101011101001111
-15594221 010101111100000
-16544510 100101010001001
-16532222 100101010101011
-16610048 010101000001110
-131585 0100010010
-16581376 01001001
-8950411 010101100101110
-16327420 0101011010110000
-16425721 010111001011011
-4342337 010111010011111
-16712446 010111100
-16667389 101001100011101
-16679677 100110001100010
-6513249 010110111100101
-6578792 01010011111001
-8684168 10100101001101
-16515840 010010110101
-16614143 010110000100101
-16712445 10101110110011
-516 010001110110
-197121 01110101101
-262664 01111101000101
-590347 010101010011000
-3355185 01010110011111
-856591 1001010110111101
-12956359 010100111000111
-10330783 101001100001011
-10064539 0101101000110101
-16532224 010110001001111
-16253692 010101111111111
-16384762 010110110111110
-16052984 0101011011011110
-15520496 0101011011011111
-14009047 010110101010111
-4407880 010100111000010
-5788253 0101100010000010
-16679675 0101101000111001
-197128 010111010111110
-16712444 100100001101
-5460568 100101000111001
-8356476 101001010111011
-4276805 0101011111110010
-16253694 010100110010100
-7762548 1001011011101110
-15856373 101001000100101
-16392960 100101000110100
-16450303 10100010100
-16515834 101001000101101
-66053 01000100111
-518 01010011010111
-16651004 0101010100000000
-16712443 010101101000011
-1118741 010110100000001
-1446420 1001011010001001
-393732 0111110100101
-16319232 0100011110011
-8553093 010110001100001
-16388861 010110010111010
-16401149 010110111001000
-4342341 0101110010111000
-131589 0111101001
-9208459 1001011011001001
-16515835 100110100111
-6447717 10011101101101
-5657170 0101011011110000
-6578788 0101001110111001
-520 010101001110001
-66055 0101011010111
-4473412 0101011011110001
-16532220 0101011110010011
-8684164 0101110011000
-16052980 100101110111101
-16450301 1010111010110
-16544508 1001011011011010
-393730 010101111001100
-262660 01111101000110
-6709858 010110010010001
-16098045 0101010000100011
-16052990 100110001011011
-5460569 010101001001011
-197129 010110100100011
-15201005 1001100011100011
-12890825 100101010000011
-15987456 100101011011010
-3490362 101001010111101
-3682871 010101011101010
-8880778 01010101111000
-16483062 0101011111010001
-8946311 010110001100111
-15921917 0101101110111001
-15950590 010111000000101
-459274 10011011011110
-14205656 010100111100011
-6775401 0101100111101011
-459273 101001000101111
-15463163 010101110101000
-15717119 1001100011001101
-15266556 1001010110010010
-14938872 01010101010001
-15397632 010111001000110
-14807802 010100111100110
-15135487 010110111010010
-1118734 0101000111011110
-14742269 010101000111101
-3224110 0101011110010110
-1053198 010101011000010
-14873344 0101011000101010
-7565935 1001011000111111
-1053200 1001100010000010
-13955829 101001100011110
-13628143 100101110011011
-14611196 010110110001000
-14279424 0101011000101011
-14545654 101001010000010
-14217972 0101010100101001
-14021369 01010011110111
-13759232 0101011110001110
-14283511 010101001011111
-14021371 1001100010000000
-13554432 010100011110101
-13497088 010100011110110
-9478819 0101010100010000
-13095680 010101000101101
-6185574 0101100111101100
-12894976 0101100111101101
-6382174 010101101010011
-14152428 101001100011000
-13562609 0101110000111010
-11858688 100101111001101
-11465472 1001011000111101
-11465470 010101100011101
-11006713 010101101010111
-9827072 01011010011101
-10023667 010110110101001
-10285810 100110010000110
-9302783 010101010101101
-8618747 0101100010100101
-9892592 0101110011011110
-8684288 01000111110000
-8553213 1001100000011100
-9695981 010110001010011
-7303936 0101110000011101
-6447872 010110001010110
-6644476 010110011110010
-5264125 1001011100100111
-5264126 010101100101100
-4473600 010111010010111
-3224319 1001011000110010
-2237183 100101100101000
-2237184 1001011000110011
-1053436 0101011000001111
-791295 0101101111110101
-8229514 010101100000100
-7963266 100110010110010
-762 1001100100001110
-66300 0100101110110
-328448 010101000111010
-763 10100100011110
-262912 10010011000110
-197376 01011101000101
-66302 011110111101
-131840 1001000010010
-197375 10100100011100
-766 10100101110101
-8618623 101001101001111
-197373 010111000110010
-768 0101110101010
-8618884 1001000110001
-16241656 0101001111010101
-16712704 01000111000
-16729088 100101010100111
-16737280 100101111010101
-10724260 01010100111011
-11776948 1001010100111110
-16294905 010101001111100
-16647167 101011111101
-16745472 010110110000111
-5919579 010101100000000
-4408132 010110101111010
-197380 01011101111
-769 01011111100
-6513508 010110000100000
-16303098 0101110001101100
-8749957 0101100101010001
-770 01010011001100
-4277057 1001100010110010
-66305 10101111111
-16745471 010100110011111
-16647168 10010011001
-16712703 10010000011
-16667648 010111001110010
-16679936 10010000000000
-16516094 10010101100111
-16450555 10100101100011
-8291200 01010101101011
-14074840 0101100100101011
-16225271 100101100100001
-14341084 100101101010100
-7697269 010110010110011
-8618882 010100110000010
-131841 0100000100011
-16712702 0101010000000111
-15721454 010110111000001
-197378 0111001010000
-771 011110110110
-16598016 1001011100101110
-4408130 1001100010111010
-16581632 101001011011110
-8487811 0101001010101
-10855335 0101010010000111
-5722965 010110100110000
-4805451 0101101110011101
-3224371 01010111010101
-66307 0101100000
-772 0101110100011000
-16598015 01011001001110
-16712701 10010000000001
-14013399 010101001000010
-10593187 0101011000100100
-8881029 0101110001010010
-8749959 0111101101111
-16237557 0101110001010011
-16319483 101001101010010
-16516096 1010011010110
-16106487 100101110010110
-16712700 0101100100110110
-773 10010101001110
-14664667 010110001001100
-16581625 1001100011111111
-4473666 1001100100101101
-8881027 101001000110101
-131848 101001010110101
-6447976 101001100011001
-16385024 101001100011011
-262914 10101110101001
-8618886 0101001100010001
-16581628 010000011010
-7566198 010100110001001
-5854048 010100110010000
-775 01011011010010
-16356352 100100110111110
-9012112 100101100100100
-16028659 100101100100101
-16159729 100101100100111
-4408134 100101100100110
-197382 1010011100000
-16319487 010100101000100
-8553350 01010011000101
-131846 010101010110000
-16581627 01011011010001
-11445162 100101010100000
-16667642 100101010100001
-5395286 100101110000101
-16540668 100110010010111
-16249856 01010011111101
-10920879 0101010010001001
-8946561 010101101110110
-15201264 1001010111010111
-13820892 0101010100100100
-15881209 010101010110100
-16311283 010110010001111
-131849 100101010001011
-16163838 100101100101111
-9012102 0101010010001100
-262921 100101010010111
-8749961 010101001000101
-16106489 010101001000111
-16307190 010111010100001
-16098297 01111101000111
-16110585 100101011110011
-15787006 100101110100110
-16286710 100101111110010
-15766527 0101011011100111
-15856640 010110111110000
-4735816 010110111110001
-16348151 1001011111000111
-15713279 1001010001011100
-15508480 010100011111110
-15070199 1001010001011101
-8754068 0101110101000001
-14996480 1001011110110011
-5264205 0101001110011101
-14939136 0101010101101100
-9339796 1001100001011010
-15725555 101001000001111
-14087160 0101001110011010
-14152695 101001010010000
-14283776 101001010010001
-14087154 101001000001100
-14087164 1001100001011011
-13628416 1001010001100010
-13951975 0101101101100010
-14087151 01010110111010
-12776443 010110110110000
-14087152 0101010010111000
-13956078 0101100110000111
-6120290 010110101100000
-11924465 010110001111100
-11924467 0101100111111111
-10593275 0101100010110011
-10220542 010100110110101
-12305361 0101101111010100
-9630714 100101110011100
-9606142 010110010010110
-10286062 01010100000101
-8516597 100110001100100
-8750080 101001011001110
-8881149 0101110101110111
-9696240 0101011111101000
-4211517 0101011111101001
-4342591 101001011001101
-6644736 010111010111000
-6579200 0101100010111001
-5395454 1001011101010001
-4539391 0101100110111101
-8033168 010111011001111
-1019 01010110000100
-8684416 01110010110110
-1020 101001011001010
-132095 010110011011101
-197632 10011011011001
-1022 100101111101010
-1023 1001011000000001
-1024 1010010100011
-16041205 010100110100011
-10790053 010100110100100
-16733440 010101000010110
-16745728 0111101111001
-16532733 1001010111101011
-263173 0101100011111111
-1025 100100011110
-15459564 010110100010100
-15713520 100101011100010
-15910131 100101111011110
-8684677 0101101000101010
-16725248 0101110101100011
-14140632 010111011010011
-13087944 100101100001110
-16712960 011100101100
-16176376 010110101010010
-15725807 010101010011011
-15848689 100101010010101
-16655616 010110100010110
-16647424 010110100010111
-16585981 010101000010100
-16663808 1001010111101111
-16676096 1001100101001110
-16340217 0101101010100111
-16172280 0101110100101000
-15508718 0101001011101011
-14337244 0101010110110111
-14009557 0101011001110111
-4342852 010101110010011
-132100 1001100011101
-8029308 1001100000111010
-8553604 101001011101101
-8815752 101001100000011
-14009560 0101010100000111
-132097 01000111100101
-1027 10101111101010
-15914225 0101010100000110
-8684679 10010001110001
-16581888 10010001110010
-16737534 100101000111000
-16647421 10101100010000
-3687483 100101010110001
-5919833 100101011000110
-263175 101001011101001
-7959675 010101000100011
-15656174 010110001001000
-1028 0100011110111
-197633 100110010000000
-132098 1001101001100
-16581887 0100101101001
-16712957 0101110111010010
-16594175 010100110000100
-6448226 01111100110010
-7763062 101001011101110
-590859 0101101100100001
-14009559 0101101100110011
-8553602 10010000111011
-10658978 101001011010000
-16450816 0101110010100010
-1029 10010000111000
-16733436 100101011100101
-14075091 100110010010000
-8160378 010101101001011
-16647420 1001100011110111
-8619143 100110010100100
-4473923 0101011110001011
-15893749 0101110000101001
-8750211 1001011100010101
-16516348 101011111010011
-16119037 0101010001001010
-12965072 010110011111001
-16082176 010111011100000
-16049407 100101111000110
-15979776 010110000111100
-8750218 100101101010000
-16377080 0101001010110010
-16221434 100101110000111
-16172282 0101010100011001
-15643903 100101101010010
-15701247 100101110001011
-13624542 0101010001111001
-14808307 01011010111011
-15512832 100101000101101
-15594751 100110010101110
-15398143 0101010100001101
-10794162 0101001010110111
-15586556 010101010000111
-15496443 1001100100000110
-15725817 1001100100000111
-15725816 011111001100001
-15062272 100110010010101
-15844590 100110010010100
-14800128 010111001010101
-15840496 1001100101010110
-14677242 100110010000010
-14087421 0101101011101000
-14218486 01010010111011
-14152953 010100101110100
-14611698 010110100101010
-13432063 0101101110100111
-14087405 010110011011010
-14021872 100101010110000
-2171934 1001011101011010
-13956330 010111011011001
-13104378 0101011010010011
-11924734 0101110001011100
-11990272 1001100010001110
-9762035 010101101001000
-10286327 100101111100101
-10482930 0101011010011000
-8713463 1001100010001111
-9172217 0101010101000010
-10351855 010101100100110
-9237760 0101110100100000
-10089710 010110111010111
-8844532 0101011101011101
-9012480 1001011000000111
-8553728 0101010110111011
-8647933 0101001011010101
-7664884 0101110001011000
-8058104 010101010100101
-7169280 010101110101111
-1276 0101110001011001
-8553600 101001011001100
-66816 010101011011100
-8750470 0101010010000001
-328966 010100110110110
-16741888 0101100001101001
-14206425 0101110001011011
-16713216 0111110100111100
-1281 100100000001101
-16717312 100101111000000
-15709680 1001011111100011
-8619395 0101101001101011
-7103854 010100111111001
-16659968 01010001111101
-16713215 010101100110110
-16729599 1001011111110101
-16647680 10101110100111
-16582141 010101001101000
-4212034 010101001101010
-7566707 010111010001000
-9078156 100101010000010
-13022664 100101111100001
-460039 1001011000001001
-1282 10011011011010
-2565415 10011000110100
-16524799 0101001111011011
-13747668 0101101110011011
-4867402 010101000000000
-8811910 010101001000001
-16672254 010101001100101
-2762026 010101110110011
-11969974 100110010001011
-10724769 101001100010011
-16315901 0101011101101000
-9602455 010110010011000
-10392987 1001100000000100
-16385536 010100101110011
-16672252 0101010011000000
-13878743 010101110110101
-15652332 010110111001100
-66821 0101011101111010
-16713211 010110010011001
-11773367 010110011000111
-6976880 1001100001110001
-16365056 0101010111110101
-9803156 010111010000001
-6645092 100101111111001
-16377344 1001100100111110
-16303616 010101110110111
-6514021 010101110111011
-8619397 010110010101101
-10724773 010110010110111
-15988213 100110000000000
-11838909 010100101001101
-12633546 100101011111101
-16078336 010110011001100
-12891593 010100111010010
-16094714 1001011110100001
-14808557 010101110000010
-14075353 1001100000101011
-1512729 010101110111110
-12965334 010101000010010
-13096407 010101011111011
-15635968 010110110111000
-15201782 0101011100010110
-15578624 0101101100001101
-12768722 01011100000100
-15660542 1001100001110111
-8623512 0101101010110001
-15529461 0101110110010110
-15201792 1001010100000000
-5526864 010110111011101
-9471372 1001010100000001
-9082258 1001100101101001
-13813200 010110001110111
-11187640 101001000101011
-5199186 1001010101001010
-15717873 010101100011111
-14218748 010101100011110
-14087665 101001010000100
-14140928 0101110110001100
-14153214 010111011001010
-13694463 0101101001111011
-13956603 100101000111011
-14611950 0101010001011100
-13161984 0101010100100010
-14411237 0101010100100011
-11531776 010101100011011
-10810873 0101100101011100
-9958912 1001100000001101
-9631227 1001100001001010
-9475580 0101011100111010
-9606655 100101111101100
-9672189 010110110001111
-12043718 101001000110111
-9012736 0101011100011011
-11978187 1001100001101110
-7173631 010101011100111
-6645242 010101110001100
-4716029 0101011101110011
-8029570 0101011101110001
-67072 100110000000111
-394746 0101110001110100
-15705840 0101110001110101
-15058662 010100110101000
-16733952 010101101011001
-16725760 010101111000000
-1447447 0101110001110011
-13027015 101001100000000
-14079703 101001100000001
-16713472 010111000011011
-16717568 1001011010000111
-14538462 010111001000001
-15767281 010111011000010
-16742144 010111011000011
-8685190 0101110010110100
-16516862 0101010111101000
-16664320 010101101100011
-1578522 0101110001110000
-722443 100101100110000
-12891846 010111000000011
-16094965 1001011010000101
-16529150 0101110101011101
-7038571 01111100101110
-16520958 011111001101001
-2827819 1001010110110110
-16676605 010100011101010
-16606976 0101101001010011
-13350602 010111001011001
-394757 100110001011010
-15132389 100110010111010
-16738045 010101000001111
-16647934 010101001110100
-5064271 0101011010110001
-6383203 0101001011000110
-14997224 010101001110101
-4802126 0101001011000111
-15709932 0101001110010010
-16226036 010101011111100
-16676603 010110100101000
-15791861 1001100100011101
-16230131 0101010110010110
-16459519 010101101101110
-11843250 010110001110011
-16725755 100101110000000
-16512766 0101000111100010
-984586 0101010101011110
-9209483 010101100101111
-1185302 0101010101011111
-5985885 010101011011000
-15587051 0101010111011001
-2369060 01011101101110
-13944532 100101011111010
-2827821 100101011111011
-722445 100110001001101
-787975 1001011010011010
-16578295 100110001001110
-14804715 100101100001010
-16246522 0101101010001110
-16144121 100101010111110
-15976190 101001100001010
-15255272 0101011000000011
-16316152 100101100001011
-15447803 0101100111001111
-15648512 010110100011000
-15656700 1001011011100111
-15595260 010110011100110
-15460094 1001100101000110
-15333119 0101011001010000
-15464189 01011010111001
-15193856 010101111111100
-15058688 010110000100010
-15435505 010100111000110
-12900057 0101100010000011
-15505138 0101100001001001
-14862080 0101101101111010
-15578865 1001011001010011
-15652593 010101100101010
-15714033 010101100101011
-15828719 010110110111100
-15787760 010110110111111
-14604032 100101101001100
-14010110 1001011011110111
-14284531 010111001011000
-14411497 1001010110111100
-13235965 0101101000111111
-13563639 100110010111000
-12900095 0101101111001101
-14472929 010110001000010
-6514272 0101110101111110
-1910306 101001101001010
-14534369 0101101111000010
-14599905 010100101010001
-11716352 010100101010010
-10942206 1001100001000010
-10417912 100110000000100
-9631481 010100101010011
-9762560 0101100010011100
-9672446 1001100001000011
-11650754 0101101000000111
-11716294 0101100001110110
-8976118 100110000111010
-12109512 0101011111110000
-722688 100110000010100
-16209912 0101010110010000
-16656383 0101001100101011
-16726016 01011101000010
-16730112 1001010001101101
-9934744 010101101000000
-9340815 010110100000010
-460552 101001011100100
-1513240 101001011100101
-15505389 0101011111110011
-16164855 010110110011100
-15644655 1001100001100001
-16721920 010110000111010
-16717824 0101110011101
-16713728 10010011000001
-16119797 010110110101011
-9340816 0101010100000001
-14473182 1001011001011101
-4998990 0101010000011010
-1840926 010100111110110
-16115701 0101100101001110
-16656384 010101001100100
-16721919 101011101100001
-16525310 010111010011001
-16664576 010111011010101
-16676864 100110001010110
-7104366 1001011001011100
-2238241 010101000000101
-16594944 010101000000100
-15718382 010101011100011
-15575024 010110010100100
-16582656 010110010111001
-460550 1001010110110010
-16726014 100101101100000
-1513238 10101110111111
-9537427 010110001100000
-6448994 010101001110000
-2434855 010100111011101
-329479 0101110010111001
-1644315 101011101111101
-7960443 0101011000011001
-6907755 100101010000101
-6645607 1001011000110000
-16594943 010110001100011
-16586751 100101000110000
-16582655 1001011011001000
-16652286 010101110011110
-16713725 010110111001001
-16721917 1001011011000111
-3749691 010101110100101
-16713724 010100101001001
-2631469 0101011001111001
-7169898 0101100100100000
-16521209 0101100100100001
-15783925 1001010100100000
-6580065 100101101100111
-3749693 010101011010100
-15714283 010101101111001
-16406528 0101100100000110
-16529402 0101110010111010
-591629 010111001111011
-2697005 100101110010001
-10721190 010101000011101
-16463870 010101100111101
-15591404 0101101111111000
-9275276 1001011011011111
-14866406 0101010010010100
-1840924 010110111111111
-16316416 0101010010010101
-16398334 1001011011011011
-2500386 100110001011000
-11577273 0101010010010010
-16250880 010111000111100
-16168958 0101010010010011
-16152571 010111001011111
-1578774 0101010001110111
-1447708 010101001001000
-16283638 010101110010001
-2631462 010111000000100
-1775383 1001100011100111
-15841280 0101011111001011
-460554 0101110000001111
-1513242 1001010100100101
-16250874 1001010100110010
-3618618 1001100101101111
-15198186 101001010000000
-3553082 0101010000111001
-1775381 0101011000001011
-1447706 010101111010001
-15259624 010101111100100
-13944796 0101101110111000
-15771648 100110000100000
-15779840 101001000011001
-13096920 010101111101101
-15661055 1001100101100000
-15648767 101011111010110
-15636480 0101001111000100
-15251450 010110100100010
-13162459 0101010010100010
-15661053 100101010001000
-15431680 100101000111110
-15595514 1001011100101010
-15443967 100101010010011
-12900308 100101010011000
-15136767 0101101001001000
-15325170 0101110100100101
-7042932 100101100101010
-9148308 1001100011001100
-15124480 010101111010011
-15194109 010101001010010
-15071226 010101001010011
-3155757 100101000101010
-11450291 101011000100010
-15894512 0101011011001110
-9148310 0101001111001111
-15718386 010101110010000
-15632369 0101110010011101
-11319220 1001011000110110
-14473216 100101110101011
-14010365 100101011000101
-14542826 010101011000111
-1976099 101001000101100
-12703743 0101011110010111
-12572634 1001011101100001
-9828352 010101001011010
-12044231 01011010100001
-11782086 100101010110101
-11782089 010101111000100
-8615934 010101011000011
-8353792 010101111000110
-7366656 0101110010011000
-7104512 0101110010011001
-2631679 010101011000000
-526332 100101111011111
-591872 0101011111101111
-460800 101001100001101
-16582910 10010000000010
-526345 0101010010101100
-1579033 100101101101011
-2631721 101001000010010
-3684409 010101100010111
-16652543 010100111011000
-16738560 101001010000011
-16730368 01011000101101
-16722176 010101010111010
-16718080 0101011110001111
-16713984 100101110101111
-14211289 0101110011010000
-16570621 100101110101001
-7895161 1001010100001101
-12892357 101011101111100
-16517374 010101101110001
-16652544 0100000100110
-16591101 100110000101000
-16603389 100110010011000
-16660736 1001100100011000
-16648448 10010011011100
-16718079 0101011001001000
-16730367 010111011000101
-16734463 010101101010010
-1906717 010100110110010
-657420 0101001110101000
-395272 100101100101100
-16324857 0101010010011011
-16337145 0101011010101001
-7170157 010101010001001
-2959405 0101010100010001
-4868172 100110000011011
-15657197 0101011110111010
-11446445 0101110000111011
-12892359 0101011001001001
-15263979 0101110110010010
-7235693 01000111110111
-16591104 0101011110101011
-16529663 101011000101110
-16656637 0101011110111101
-16734462 1001011000100010
-16726270 1001011000100011
-526347 0101101101010001
-7170160 010111001001010
-15591663 010101100101101
-4868170 0101001010011100
-6973546 100101110110110
-16664830 010101110000111
-16673022 100110010000101
-16099575 010110101011110
-16591103 010110101011111
-14076118 010101111011111
-11970742 100101111010010
-16378107 0101110011011111
-8812678 010111010011100
-3815482 100101010011110
-657418 1001011100100101
-16451840 010101101100110
-7501943 010101110010110
-16472320 0101100010101110
-16513280 1001010101111011
-16402687 100101101101001
-16464128 1001100000011111
-16726268 100110010100000
-16455935 010101001111011
-788490 010110011110111
-16673020 100101100100011
-15845621 1001011010010100
-10922148 101001010011101
-7628915 010101010010101
-14534876 0101110010011111
-16484606 1001100000011101
-16582908 100110000111101
-16394494 0101100011110000
-6973550 0101101010110111
-2762798 100101010010100
-3815486 101001011010001
-16242944 010101000011000
-16017661 100101111000100
-16181504 01011001110001
-1513502 100110001001010
-11585724 010101100000110
-15837435 010110011110100
-3946552 0101101111110110
-2566189 100101111100111
-13879513 1001100010100110
-7829627 0101011000010110
-2697253 0101011000010111
-6776939 100101011011100
-15780094 100110001000010
-591877 1001100010100100
-4802629 1001100100001111
-460811 100110010110011
-526343 01010100101010
-15849728 010101100001101
-15845632 0101011110111000
-3684407 0101100100000000
-15841536 100101101001011
-15825152 1001011110100110
-1579031 1001011110100111
-14076122 010101101000001
-15776000 010111000011001
-13023434 0101110001100110
-2697255 101001011011000
-591879 101001011011010
-15714560 0101101100011000
-15522046 0101101001110001
-15333628 010110101111110
-12966103 100110001111100
-15395071 0101100110011100
-14874871 010110101111100
-11122880 101001000101000
-15259904 0101101011111010
-15382782 0101101011111011
-4806740 1001011101101001
-15718645 010110001110000
-15911151 0101001111010111
-15657203 0101100010101010
-15849710 100101010111000
-15067388 010110101111000
-13031641 0101101100000000
-15640818 0101101100000011
-11385011 01011101101111
-13560042 010110010101011
-13560040 010101011110101
-14280942 1001011000100110
-14084329 010100111101000
-13756655 010101011111000
-11270400 0101100101010010
-11847879 100101100110001
-12568774 1001011101101110
-8714489 010100111101001
-7862517 1001011001101011
-7534842 0101101000010011
-8059125 0101001110110100
-5986560 0101001110110101
-5724415 100101010100110
-5110016 0101001111010100
-2566399 100101011000010
-657664 010110100111111
-526591 010100101110001
-395518 1001011000100100
-15964660 010110010110101
-592138 0101100100100111
-1644826 101001000011011
-6908266 0101100100100110
-14277082 010110010110100
-15256041 100101111111011
-16775680 010101011010010
-16648703 0101110001101101
-16296441 100101101111111
-16382458 101001011111101
-16722432 0101110011011101
-16730624 01111100100100
-16734720 101001101000000
-16726528 101001011111111
-16718336 1001000001010
-16714240 10100101000011
-10721699 010100111010000
-1317142 0101010011111100
-12036535 010110010110001
-6777191 0101010011111101
-4405571 010110010010010
-15198695 0101110011100110
-16656896 0101110011100111
-5986651 1001011000100101
-16402940 1001011010110001
-16247287 100110010011100
-16390652 1001100010110011
-16534014 1001011101001010
-15776243 0101101110110100
-13351370 010101111001111
-1644828 010110010110010
-15509999 010101111001110
-16017911 0101110000100100
-16423417 1001011101001011
-5855580 010110010010100
-4802892 0101101110110101
-16718334 0101110000100101
-16730622 010110111000000
-16751102 0101110000100110
-16755198 100101110100100
-16599552 100110010011101
-16583168 101011101110001
-16550399 100101100011100
-16091639 0101010101110010
-15837683 1001011101111000
-16656894 1001011101111001
-4737356 1001100010111011
-16583167 101001101000110
-16669182 101011101110010
-16456192 0101010101110011
-16730620 010110010011010
-14928359 1001011100101111
-16275967 0101010110011000
-12233149 1001010111110000
-16316927 100110001011100
-16443901 100110001101111
-14739943 101001011011111
-16284159 101001101010011
-16546300 01000111110010
-854283 010101010111000
-5065035 0101010110011001
-7039341 010110010111110
-9738644 101001010110000
-11581881 101001010110001
-7698813 0101110100011001
-16116224 0101101110011100
-16157181 100101111001100
-526597 01011001011110
-6842725 1001011011001010
-8812940 010110111000011
-657672 1001011011001011
-1382681 1001011110010110
-16247291 100101111001111
-4802888 010110111000010
-15780352 0101100010011010
-15755776 0101100010011011
-16247289 010110100110011
-10983849 0101110110100010
-461065 100101101111000
-1710358 100101111001010
-15198697 101001011100111
-15657472 0101011000100101
-15702527 010110111001111
-10926520 101001010110111
-11450814 10010001101011
-15641083 010101011001111
-15325694 010111001001011
-11188671 1001011110010111
-7305593 010111011010000
-15325695 100101111001001
-15596022 1001010110100100
-13490648 100110001011110
-5523792 0101100100110111
-11188663 100110001011111
-14805501 1001100100101100
-15575539 0101001110101010
-5200209 100101110111000
-13564416 010101000001001
-13416956 0101001110101011
-13040126 010110111000100
-1841443 0101011001000110
-1976610 0101011001000111
-11774464 010100110000001
-10811893 1001100011111110
-9800184 100101011111001
-10197503 0101110110001000
-10025472 010101100010011
-10353143 010101100100010
-9865726 100101111010110
-9734656 101001011011100
-12372434 0101011100110110
-9304576 0101011100110111
-11782599 100110000111100
-8583670 0101011100110100
-8813054 0101011100110101
-8976886 101001011011101
-8583678 0101010100100110
-8255996 010100110010001
-7105024 010101101001110
-7170559 010101101001111
-6052351 1001010111001110
-5921278 1001010111001111
-4213247 1001011010111010
-2697724 10010101000110
-2566649 1001011010111011
-592384 010101100110010
-657918 010101100110011
-16775936 010100110001111
-16292601 010100110001110
-16419579 010100101000000
-16448251 101001010100000
-15395563 01010011001001
-16730880 010100101000001
-16714496 10010011011110
-16743168 010110110110010
-16751360 010110110110011
-6974059 0101010100100111
-5921371 01011100010000
-4868683 100101110000100
-1710619 101001010110010
-15502062 010100101000101
-16648960 01010010110111
-16775935 1001011011001101
-16722687 10101100010110
-16661248 0101110111011011
-526858 0101010100100101
-2632234 100101011100110
-8157822 010110110100000
-5790298 010110110101111
-16673536 010101010110001
-16317178 010110110100001
-15784690 100110010010010
-16313082 0101110111011010
-16538367 010110010001110
-15694574 100101010001010
-16718590 100101011101010
-16661245 100101100111001
-16083704 1001011110110110
-16714494 1001100011111101
-5921369 100110010011001
-2435623 01011001000100
-16526080 0101010010001101
-16534272 010101010110101
-1382935 1001011110110111
-461316 010101100110000
-16685819 0101011011100000
-16714492 100101010010110
-14666460 1001100000100100
-16710396 010110101100010
-16743163 0101011011100001
-16739067 010110101100011
-1645085 010110011000010
-8682115 0101110101001010
-15457006 1001100000100101
-789004 01010011010011
-12298941 010110011000000
-16358143 0101110101001011
-1645087 100101110100111
-16308992 1001100000100110
-8682116 1001100000100111
-16149247 0101010101010000
-16251648 0101010101010001
-16149248 1001010111000010
-16153341 0101000111111110
-16030463 100101111011010
-2501166 0101000111111111
-15133422 1001010111000011
-16095994 0101001110011001
-1645078 010110001101100
-15981312 010110001101111
-16055033 101001000001101
-4606540 0101011011010010
-7895670 101001000110000
-16055035 0101011011010011
-16169721 010101101110010
-723462 0101110101000000
-16186106 0101001110011100
-11049640 0101010101101101
-16284408 0101100100010100
-15133418 0101100100010101
-526856 01111101001100
-5790296 100101100101101
-4737608 10010111110111
-15772416 10101110110001
-12966614 0101001110011011
-15592190 100101111011000
-15457019 010101010101010
-15727359 010101010101011
-11516607 100110000011000
-15637245 0101001010000100
-15633149 0101001010000101
-15579904 100110000011001
-15633147 0101101101011010
-15575802 100110001101011
-15457023 0101101101011011
-11451063 10010001110101
-15461107 0101011100110010
-6978161 0101011100110011
-11516597 01010011011000
-14998272 0101101011000010
-11123381 0101101101100011
-15588081 1001010001100011
-14797567 010100110001101
-14662400 0101100110000110
-14207742 100110000011010
-14203648 010100101000110
-13036267 1001100001010100
-13761279 010100101000111
-13564672 010101110011000
-1776161 100110000101001
-10332836 0101010010111001
-12516089 0101100111111110
-12036861 0101001101101110
-10025726 010110001111101
-9931520 010101100010001
-11385539 010110001111110
-9304832 010100110110100
-9145088 101001010011111
-9304824 1001100001011100
-7666428 0101101111010101
-6974207 0101101111010010
-6814464 1001100001011101
-5790462 010110010100000
-4737790 010110010100001
-4061951 010110010010111
-1846014 0101101111010011
-1243903 0101011111101010
-396032 010101100001111
-260864 1001001100001
-195328 0101011111101011
-129789 10010011000000
-391932 010110111101000
-195325 100110001100101
-129791 010110001011000
-64256 101001011100110
-12303292 010110011111100
-3287859 0101101110101001
-4934476 0101101110101000
-16735232 010101101111100
-16722944 010110011111101
-16731136 10100101111000
-12495807 010111010111001
-8092540 010111010111010
-16776192 011111001011001
-13548495 100110001101100
-16309242 0101001101000101
-16677888 0101100110111110
-8223613 010101101111101
-11443120 0101100110111111
-8747909 010110111010101
-5065549 0101100110111000
-396040 1001011000000010
-16718847 101001011001001
-8092538 010100111111101
-13683667 0101101111011100
-16354300 0101101111011101
-15571952 1001011000000011
-8223615 010100111111111
-3750715 010100111111110
-7961467 101011101011101
-16579584 0101010000001100
-16776189 0101010000001101
-15580143 0101010011111110
-12635076 010111011000000
-2698027 010111011000001
-16604159 1001011000000000
-16595967 101001010111010
-592651 100110000101111
-9538454 0101010011111111
-15391727 010101101100000
-16403455 010110001011110
-16743420 010110001011111
-10722215 010100110100101
-16272382 0101101000101011
-15985655 0101110000101010
-16157684 100101100001111
-8616839 1001100001000100
-16448512 101001101010101
-16362496 0101010000101010
-16714746 010101100100111
-3881790 100101011000100
-16116724 1001010111101010
-16288767 1001011111101111
-5987166 1001100001000101
-16448510 100101100001100
-16288768 100101100001101
-9608091 100101111110000
-16096256 0101010000101011
-16178173 010101000010111
-15924217 101001010001011
-16251901 1001010111101110
-11053989 101001000010110
-12041147 010101011011010
-16030714 0101011000101000
-15989759 100101101100010
-12700621 100101111110101
-10857388 01010011001011
-9673630 010101011101111
-15981566 0101011000110010
-16022523 0101011000110011
-14740464 010110011101101
-15129578 0101101010100110
-15776768 010111010110000
-10918826 100101101101010
-16223225 1001100101001111
-15584254 0101011000110000
-15707136 0101011000110001
-15657983 100101101101000
-14740466 0101011100100100
-15502335 010101010011110
-15711230 010110100001110
-12770262 010110100001111
-11451317 010101010011010
-11254706 0101110011010110
-13941711 0101110011010111
-9345941 0101110100101001
-13294550 0101011100101000
-14478336 1001011110111000
-14023679 0101011100101001
-13827072 0101001011101010
-13696000 0100101110111000
-13630461 0100101110111001
-13433856 101001000010000
-13368320 010100011101000
-13818853 010100011101001
-9939885 01001011101111
-14015466 010101000110011
-12319740 1001100000111011
-11705344 0101010110000010
-12577775 010111001101010
-9735167 1001010111010000
-9370623 0101010110000011
-8977408 01010101111011
-12106689 101001011010110
-8453114 100101011000111
-3816257 010110101001011
-7601144 010110011011011
-7011327 101001011010111
-6683645 010110100101111
-6749184 100110001001011
-6487040 010110100101100
-5856252 010110100101101
-5962743 1001010111010001
-5438464 1001011011000010
-5110781 010110100101011
-5176320 100110000011110
-5241854 010101000100000
-4934656 1001011011000011
-4389886 0101101100110000
-4213760 100101010110011
-4193275 100110010011010
-2489342 010101000100010
-1113088 0101101100110001
-654333 1001011001111000
-130040 010101100111010
-785405 0101101100100000
-592895 100101011101111
-130042 010100011111000
-261116 01111100110011
-457728 010100011111001
-261115 101001000100011
-457725 1001011111001100
-330752 1001011111001101
-130043 0101101100110010
-326656 10010000111010
-64508 101001011010101
-64509 0101110011111
-261120 100110010000001
-195584 0100000100000
-261118 010101010000010
-64511 010110001001001
-195582 010000011111
-64512 10101111100011
-8158333 0100000100001
-14666976 010101010000001
-15441132 100101100111011
-15383787 1001011010111101
-16579837 101001100010000
-11971768 0101110111010101
-16710912 01001011101001
-16678144 010100110000101
-11377837 010101110101101
-7830647 010101110101100
-461831 0101110010100011
-2763820 010111011101111
-16375033 0101110111010011
-16743679 0101110111010100
-15645936 010111011101110
-15842545 1001010101101001
-16313595 010100101101001
-16579839 010100101101000
-16047351 010110011010000
-11377840 101011101010000
-9538707 0101110000101000
-16669950 010101010100110
-16710910 010111001010000
-3025966 1001011100010100
-5921882 100110010100101
-11971766 10011001010100
-7896188 101001010111100
-8027258 101001101001000
-16743677 101011111000011
-13352144 0101010001001011
-16174323 010101111110010
-16575738 0101001011011010
-2632750 010110011111000
-14470362 010111000100011
-16526587 0101001010111001
-16776442 0101001011011011
-16612604 010111011100001
-9211019 1001010001010000
-16030963 100101111000111
-8617093 0101010100011100
-10722469 0101010100011101
-16280832 010110000111101
-16645371 010110011101010
-11779260 0101001010110011
-16252160 01011010100000
-16149760 0101010100011000
-16112893 010111011100101
-16207102 010100101011110
-15924479 011111001100000
-6777961 100101000101001
-11648191 101001000010100
-15711488 010100101011101
-11320509 1001010001010001
-15518975 0101010100001100
-15719677 010100101011000
-15707389 1001011100011001
-15662334 101011111010010
-11189439 01011101110011
-15645948 0101010100001010
-11320506 10101110100110
-15457534 0101001010110110
-15334656 0101010100001011
-11189437 101001011011001
-11246770 100101110001000
-15723764 010101000100100
-15654131 010101010000100
-15830253 010100101101100
-13561069 010110011100001
-14613755 1001011010110100
-13233391 100101010110110
-13434111 0101101010011100
-14281963 100110010101100
-14150884 010110011101000
-13364478 0101101010011101
-13040895 010110011101001
-14150894 010111011100010
-13102333 1001011010110101
-12909820 010111011100011
-12496127 01000111100011
-12385532 0101001011001010
-11533557 010111001010111
-10919166 10010101101000
-10202367 010100101100100
-9895167 010111000100111
-9239807 010100101100110
-8977660 0101101011101001
-9436410 100101011101001
-9043200 1001100101010111
-8842482 100110010011011
-8781056 0101101001001100
-12561601 0101101001001101
-8092924 010110101001111
-7535871 0101100010001110
-8125688 010111011011010
-7535869 010110101001000
-7011578 1001011111001001
-6814976 010110011111010
-6552827 010101000110010
-6618366 010110011111011
-6618368 0101110001011101
-6159616 100101110001101
-5922048 01011010101000
-6094075 100101011110100
-5307647 0101101110101100
-5045501 01011010001000
-4914431 0101101110101101
-4914429 100101011100011
-4259068 100110000100011
-3472635 0101011010011001
-2948351 101001100010101
-2882816 100101010100010
-1768700 010110001000110
-1703168 0101100110101000
-1309952 100101111110110
-8227984 0101100110101001
-589053 010110011010010
-785664 010110011010011
-523520 0101010101000011
-326909 1001000110000
-195836 010110000101
-8223877 0101110100100001
-64762 101001101010100
-326911 010000010100
-523518 010101010100000
-392448 01110101100101
-195833 100110000101011
-64763 101001000000
-326912 0101001011010100
-261376 01010001000
-64765 1001110111010
-261375 0101000101
-64766 0111001111
-64767 10100101011100
-130304 1010111110111
-457978 0101110001011010
-64768 10010000101
-16502268 010101011011110
-16305657 0101001011010111
-16727552 0101001011010110
-16715264 10100100001110
-13680081 01011001101011
-7765367 010110011111110
-16645630 01110010010
-9276814 1001010001010111
-16776704 1001011000101
-15703536 100101101010111
-12033463 0101010010000000
-15642096 0101101110100000
-9145739 010110010001100
-3091759 010110010001101
-16776703 0111110010101
-5791066 100101110011101
-15715823 100101111000001
-16727551 1001011111100010
-8093051 10100101001010
-7896442 101001010111110
-13614542 0101001011110010
-15646189 010100011111100
-7826806 010111000010001
-2960688 011101011000110
-4668742 1010110001000110
-16678397 0111110100111101
-16645632 101001000110011
-12168636 100101010000001
-16158197 1001100010101000
-15637997 1001100010101001
-855312 101001000110010
-9145737 010100101100010
-16580096 0100000100111
-16653822 011101011000111
-15785460 100101011000000
-15908338 1001011000001000
-16715260 0101001011110011
-10263961 0101001111011010
-15707628 0101011101100010
-16391679 010111010001001
-13614540 01011101011011
-9866643 01111100101001
-16477696 1001011000001100
-3157301 1001011000001101
-16178676 010101100110111
-16678396 0101101110011010
-7961981 010101110100001
-16383485 0101011101100011
-16711164 10010011000111
-16047602 1001011111110100
-15719914 0101001100110110
-9276812 100101011000011
-15781368 010101110110010
-8093053 10010001101001
-5987677 1001100001111110
-9145741 1001100001111111
-16297472 100110001000100
-16514557 100110001000101
-16317952 101001101001110
-9739677 01010100110011
-16055805 0101011101101001
-11845053 01011000100010
-16113150 1001100001100100
-16244224 100110010001010
-16121344 010110010011110
-11910592 010110010011111
-15785468 0101001011100100
-8158584 0101001011100101
-16231933 010101000000001
-11713978 01010110011010
-16178686 1001100001100101
-15834622 01010011011100
-16178683 010101001101110
-6778220 100101100000101
-15912448 010101001101111
-15990271 010110111011111
-5725530 0101010011000001
-3620154 100110010001001
-15793664 0101001111110000
-15183337 100101100000111
-15777280 1001100001110000
-11386302 010110011000110
-15728127 0101001111110001
-15662592 0101011101111011
-15638013 010100110011010
-13032918 0101011100000000
-15654398 0101011100000001
-11451835 0101010011111010
-15134196 1001010111111000
-15068657 100101111111000
-13426134 0101010011111011
-15265266 010111010000000
-15060480 100110000001010
-15904239 010100110111100
-9342355 0101101011100000
-3091763 100110000001011
-15629810 010101110110110
-15715825 100110000110001
-986385 1001100100111111
-14679552 010110010101100
-13692402 010101110111100
-13561328 1001000110110
-14204416 0101011100001010
-14544379 0101101011100001
-14155264 010110110000100
-14085628 010101110111010
-14675441 010111000110101
-13696512 1001011110100000
-12643825 101001101001100
-13561344 0101011100001011
-14085608 100110000000011
-13102592 100101011111110
-13041152 010100101001100
-5791074 100101011111111
-12975613 1001011100100000
-10591647 010100111010011
-2039073 1001011100100001
-12320252 010101110000001
-12381693 1001100000101010
-11398637 0101001011100000
-11992576 100110000111001
-12058110 010101110111111
-12381682 010101110001010
-11599360 010101110000100
-11267580 0101011100010111
-12447216 01011100011000
-12578286 100110010011110
-12250607 010101000010011
-11140606 0101101100001100
-11468281 1001100000101111
-12312029 010110110111001
-12570062 1001100001110110
-9043451 010101000110101
-8777201 010110110011101
-9371127 0101101010110000
-8584700 10010001100100
-8846848 10010001100101
-8781311 010110101110001
-8650239 01110101111011
-8224256 010110011001010
-8191488 100110000001001
-8027647 0101110110010111
-8125950 01011011011101
-7994880 1001100101101000
-7601664 101001000101010
-7208446 010110011001011
-7077371 010110110000011
-7208447 010110001010000
-7142912 100110000010110
-7077373 010110001010001
-6553084 0101100011101010
-6684159 010110001110110
-6422013 1001010101001011
-6118910 1001010001110100
-6159870 10100110000100
-6249983 100110001111101
-5987840 0101110110001101
-6028800 101011111001011
-5504507 0101101001111010
-5570048 101011111010111
-5373440 010100111110100
-5504510 010100111110101
-5242365 101001101010000
-4980224 10011011011111
-4849149 10010011000100
-4980222 101001010000101
-4849151 101001000011000
-4718080 10101111100100
-4718079 010110110011010
-4587008 0101010001011101
-4324861 0100011100100
-4324864 010101000101111
-4455933 1001010001110101
-4062720 0101010100100000
-3931648 0101010100100001
-4128247 0101100101011101
-3472896 010111011000111
-3407358 010101010010110
-3276287 10100100011111
-3014144 1001100000011000
-2752000 0101011100111011
-2555392 1001100000011001
-2358784 100110001010001
-2293248 01110101110111
-2096640 1001100001001011
-2096639 1001011001101010
-2039294 010101010010111
-1900032 100100000001011
-1703421 101001000110110
-1637888 0101110010001000
-1310207 0101110010001001
-1572347 100110000100100
-921087 1001100001101111
-982528 0101011101110010
-8228237 010101111100001
-654846 0101001101010010
-785920 0101001101010011
-785919 0101011101110000
-720384 10010001111111
-654848 101001011110010
-654847 0101110000110100
-65016 1001100010011110
-589312 1001100010011111
-65017 0100011101111
-392702 0101101100101
-523776 100101010101100
-261628 1010011110011
-392701 010111001000101
-458240 1001101001001
-65018 101001011110011
-65019 01001011100
-392704 1001001111100
-327168 010010001
-523773 100110000110100
-65020 101000100
-65022 010100100
-196096 1001110110000
-130560 1001101100
-130559 01010000
-65024 1010110000
-261629 10101100110
-16744192 10010101001101
-8289919 0100000110011
-12500671 0101110001110001
-16723712 0101011101001110
-921103 010101111000001
-16719616 01010111100001
-16715520 1001100011000001
-16727808 010111000000010
-16711423 1001010000
-16776960 1010011100001
-13020871 100101100110100
-15515373 1001011010000110
-8158846 010000010101
-15515374 010101011110010
-3354163 01010011010101
-7564915 01011000110010
-5262930 010111000000001
-16166648 0101010111101001
-15974131 0101110101011100
-15580909 100101010101010
-15777522 1001010110110111
-16727807 0101110010110101
-16711424 1001001111101
-16580350 10100101110000
-2104866 010101011101011
-1248787 101001000101001
-3157554 100101100110010
-13614799 010101101100010
-13418190 100110000010000
-15527662 010111000000000
-15716078 010100011101011
-16445177 0101001100001100
-16645888 010101110100110
-12500669 010111000011110
-1973789 100101110111010
-10792615 100101110111011
-15711982 010111000011111
-15658733 0101110100111100
-16776958 0101110100111101
-15572720 010111010101111
-16711421 0111001000010
-11120299 010110111001011
-16776957 01010100111001
-9473684 0101001100001101
-7962235 101001011000001
-4210244 100101000111100
-3092013 101001011000000
-13352649 1001010101011101
-5856859 1001100010011000
-16342779 1001100010101110
-16735997 1001100010101111
-15585007 100110001100001
-16420607 01010011101011
-16051953 100101000111101
-12107453 100101011011101
-7896701 100101111111110
-15384304 0101001110010000
-16776955 0101001110010011
-15642348 1001100010011001
-16027379 0101001110010001
-9735827 0101010110010111
-12107455 01011100001011
-9670294 010111011010110
-16051955 1001011010010000
-15986422 1001011010010001
-16281344 010110001110001
-15523564 1001011100000100
-16580348 100101110000011
-8158844 101001010001010
-9608859 0101000111100011
-10858158 100101000110101
-16158464 0101010100110010
-15789821 0101010100110011
-15900416 010101011111110
-15843072 0101010111011000
-11714237 01011010000011
-14073561 011111010011100
-16121596 100101100001001
-15851263 010100011110000
-15130346 010100111000100
-16314104 010100111000101
-14741232 1001011100000101
-15728384 0101101000110110
-15707904 0101101000110111
-13426399 0101101000110010
-15589120 0101101000110011
-15515392 010101011011001
-11452094 010110000100110
-11189952 01011010101010
-11452092 101001100001100
-11517626 01010011100000
-15331072 0101101000110100
-15585019 010110101000110
-15134450 1001011010011011
-14995197 01010001111001
-15138559 010101011101101
-15310577 0101101010001111
-15138560 010111000101010
-3288620 101001100010110
-3419695 101001100010111
-15970032 010100101111110
-11574957 0101011000000010
-3092020 0101100111001110
-15965936 010110011101110
-13876944 100101010111010
-14933759 010110011101111
-15773423 0101001011111000
-15785711 0101001011111001
-14745343 0101011001010001
-15720178 0101100001000010
-11574959 0101100001000011
-3026481 100101101001001
-15707889 0101011001010010
-1052176 0101011001010011
-3288622 010110101000100
-3157552 010110101000101
-1183246 10010001101111
-15777520 100101010111001
-14991100 100101010111011
-15720177 1001100101000111
-13823731 1001011011100110
-13692657 101001010011001
-13561582 010101111111101
-13430512 101001010011000
-14413568 010110101010110
-14020340 0101101001110010
-13299437 10010110100111
-14089984 1001011001010010
-12775152 0101101101111011
-10464946 0101100001001000
-13696767 0101101100011010
-13758208 100110010100010
-13299451 01011000011100
-12709618 0101101100011011
-13434622 0101101000111110
-13483776 010101010101110
-13500160 100101011011111
-14610156 01010110110101
-14348016 1001011011110110
-13172479 01010101000101
-13631225 100101111111111
-14085871 100101110111110
-12713728 0101101111001110
-13627121 01011010000110
-14667489 010110100011110
-12517120 0101101111001111
-12504832 100101010101000
-12447488 100110001100011
-12513019 0101101111001100
-11988734 100110010111011
-11988732 0101110101111010
-12513007 0101110101111011
-11468544 010110111100100
-11403008 0101101101101
-11468542 010111010111100
-12447465 100110000010001
-12250861 0101100011110110
-10919680 0101100011110111
-11857648 0101110101111111
-10747648 0101100011010110
-10551038 010110001000011
-10419965 0101100011010111
-10092283 100101101110010
-9895678 010100101010000
-9633535 01010110011100
-10350323 010101000111110
-11845313 101001101000100
-8978175 010100111000011
-8716032 0100011101110
-8912637 010101011100110
-8847102 010101101000110
-8453884 010110110001110
-8584957 010101100011010
-8417023 010101101000111
-4210240 0101100010011101
-8322816 0101101000000110
-8191743 01010100111100
-7732984 1001011010001100
-8322814 1001011010001101
-8191744 101001000101110
-8060672 01110101110110
-7864064 0101100001110111
-7667455 010100111001010
-7765758 010100111001011
-7274239 010110100000000
-7339773 010110110000010
-7012096 0101011111110001
-6881022 010110001101010
-6618877 010110011110000
-6684413 1001100100010000
-6618879 0100011110101
-6618880 101001101000101
-6184703 1001100100010001
-5832445 0101010111000010
-5897984 1001100001100000
-5963518 0101010111000011
-5570302 01011000110100
-5701376 10010001110111
-5570303 0101001100101010
-5635840 10011101100110
-5439231 010101101000010
-5308157 1001011010001000
-5439232 01011001100100
-4980476 01011010000101
-5177087 101001101001101
-4914940 010110010110110
-5046015 01000111100001
-5046016 011110110101011
-4914944 101001011011011
-4783872 0111010111000
-4652799 0101010110010001
-4587264 100110000110011
-4390656 010111010011000
-4325120 01010110010000
-4390654 1001011011011000
-4521724 1001011011011001
-4128512 010100111110000
-3931904 010100111110001
-3735294 0101101101010100
-4013820 0101101101010101
-3735296 010101011100000
-3866366 1001011011101111
-3604221 010110100000100
-3211003 100101101111110
-3669756 0101010000011011
-3604220 0101001111101110
-3342080 101001000001001
-2752249 0101001111101111
-2948864 100110000111110
-2817792 101011101100100
-2686720 01010111010001
-2432768 010101011001001
-2424576 0101100101001111
-2359040 010111000010000
-2555644 01010010111101
-2162432 0101100100000010
-2555642 100101110110010
-2096894 010111011101011
-1638140 1001010100100010
-2096892 100101100000010
-1769216 01001011101000
-1638143 1001010110110011
-1769214 0101100100000011
-1507071 010101101101100
-1507072 010101101101101
-1310458 100101110101010
-1376000 010110010100101
-1310464 0101100101001100
-1244925 010101000001100
-1113855 100101101010011
-1113856 0101100101001101
-982784 010111011101000
-982782 1001010100100011
-65269 0101001010010100
-720639 10100100010000
-786176 10101111101000
-589566 0101011000011000
-720640 1001101001101
-65271 100101010000100
-655104 1001110111011
-327421 01000111111
-65273 1001000001011
-130810 100100001111
-458495 1010011010111
-524032 1010111110011
-458496 01010110111111
-327422 0111110000
-392960 0101000110
-65275 0111110101
-130812 10100010101
-458494 0111101101110
-65277 0100001
-261888 100101011011000
-196352 0111000
-130813 100101001
-130816 01110011100
-327419 101001000001110
-65279 1010100
-65280 01001010
-392955 1001011000110001
-16650239 010101101111010
-16748544 010100101001011
-13352908 0101011001111000
-7896953 010101110011111
-3092272 10101110101111
-986896 10101110111011
-8089468 1001011011000110
-12566464 100110010010011
-16613374 0101110010111011
-16457724 01111100100110
-16732160 011111001010000
-16719872 101011101100000
-16723968 101011101110011
-16736256 1001011100000010
-16777216 0111111
-16396283 1001010100100001
-16183287 1001011100000011
-15568878 100101110110011
-15724528 10100110100001
-5328721 010101111001000
-16650240 0100000100101
-16744447 0101100100000111
-16715775 10010000000111
-16740351 101001000011110
-1314582 010110111111101
-2367270 0101010000100010
-3223345 010111000111110
-4869964 010111001101001
-2170657 0101010001110001
-8224637 010101000010000
-12955589 1001011011011110
-11378605 100110010001101
-6119261 100101100010000
-7761784 101001000001010
-6381409 101001000011111
-14999526 010101101100101
-16347129 0101100100000101
-15650800 0101101111111001
-16293882 101011101111001
-13488077 0101100100000100
-13221833 010111000001101
-16646141 0101001110111000
-16580606 101001011111110
-16449532 101011101110000
-16601085 010101101111011
-16711680 011100101111
-16662528 10101111100010
-7962492 01010111110001
-8355710 010101000111001
-2039582 0101010001110110
-16588800 0101101110110110
-16244726 010111001011110
-2436904 010111010010001
-6578023 1001100011100010
-16777214 011111010000
-16449529 100101100011010
-986894 100101110110001
-14274523 010101001011001
-16646143 0101010100111000
-8351613 010101111001010
-16592895 0101010100111001
-15843315 010110001100110
-15589359 1001100101101110
-16580608 01111100111110
-16449530 1001010100100100
-15454185 0101101110110111
-14802915 010111010101101
-12955591 0101110000001110
-16723965 0101011111110101
-16711678 101011111001010
-4276035 0101011111110100
-8028026 101001010100100
-2961199 01011100100001
-3354417 10011101100100
-16515072 010101111010000
-16646138 0101010000111000
-16400383 0101011010110100
-2105125 1001010100110011
-9207689 1001011100101000
-15065058 100110001110000
-3157813 101001100010001
-13225934 101001100010010
-16777212 10101100010010
-16515071 0101011010110101
-16445440 010110000100011
-4276037 010110111100000
-8093567 0101110001111110
-1117973 100101010111111
-3813184 100110010001111
-15331312 010110100100000
-15511531 0101110001111111
-15572972 1001011100101001
-16347136 100110001110010
-5525332 010110001110100
-2367268 010101101011011
-1314580 0101001111000101
-16605179 0101011111010010
-16658426 0101011111010011
-6578020 010101111101100
-8683396 101001101001011
-16531452 100110010110001
-10788772 10100101100001
-4472644 010110111001010
-16105470 010101011101001
-11976639 011111010011111
-16216064 100101111010100
-16187391 1001100101100001
-16166912 010101111101011
-10260375 0101010010100011
-16056319 1001011100101011
-16056320 01010101011110
-14016479 01010111000100
-15196141 0101011111010100
-16248829 010110011001101
-16080895 0101110100100100
-16121855 100101000111111
-16314357 010100111100001
-12103605 0101011111010101
-15794173 1010110001000111
-15790078 010101110110000
-16101369 0101101001001001
-14143451 010110111011110
-15986687 1001100011001110
-14807024 010100101011111
-16117756 010101001010000
-16379896 0101011011001111
-15990782 100110000101100
-15192042 1001100011001111
-15843327 0101010110001100
-3686200 0101010110001101
-15785984 010111010010011
-7896952 100101101010110
-15532029 0101101110100010
-15654911 0101110010011100
-15728640 100110010101010
-15663104 010101101001101
-15577085 010111000101111
-13623263 010111001000111
-15519742 1001010110010011
-15716351 1001011000110111
-15597565 101001010100101
-15654909 1001011101100000
-15507456 0101000111011111
-15335422 010101011000101
-15466495 010110100100111
-15327232 0101101001001010
-15323136 010111011011011
-15466493 010100101011010
-1183499 010111001010100
-14999550 0101010000110010
-15138816 0101101001001011
-15204351 1001011000111110
-14745595 0101010000110011
-13684684 0101010111001000
-15060991 0101010111001001
-15781869 010101001011011
-13418449 100101101010001
-3354415 01010100010011
-15589361 0101110010011010
-15577073 100101111000101
-13492180 010101010100111
-15777775 010110001001010
-15638513 010111000100010
-14811136 011111001111011
-15724530 101001101001001
-3092274 101011111000010
-13758450 010101000110000
-14680064 100101011100100
-14479358 100101011101110
-13692914 101001011010100
-13692915 01010010110000
-14483455 0101011111101110
-14548992 0111010110000
-14680061 010111010010110
-14217214 010101011100101
-13430762 0101011000101100
-13561833 0101010100101000
-14544892 0101011000101101
-14221311 100101011110110
-14217216 100101110011000
-12972015 010111010010101
-14544882 0101010010101101
-13492194 1001100010000011
-12840943 010110110010011
-12972012 1001010100001100
-13823998 010101011101110
-13631488 0101001110011110
-13565952 010110000110101
-13221884 101001011111010
-13369344 0101001110011111
-13352960 1001010001100100
-13365248 1001010100001111
-13234173 010110110001001
-13500412 010110111011000
-13172736 0101110011010001
-13152256 100101111101011
-13234161 010100111111100
-12976125 010101110001110
-14020589 1001010001100101
-13037568 101001011001111
-12976128 010101110001111
-13496306 01010011001110
-12779520 100110001101101
-14729183 010101001010111
-1974050 0101010010011010
-12582912 011111001011000
-12439550 1001100010000001
-11726835 1001100101101010
-12513280 010101001011101
-12582911 101011101110101
-11726833 101001010011110
-11792369 010100011110100
-12382208 010100110001100
-11399151 100101101011100
-12365824 1001100101101011
-12320767 010101010110111
-12451836 1001011111011010
-12058624 1001011111011011
-11927549 010100011110111
-11972608 010110001101110
-12058623 010110100110110
-12382193 1001010001100110
-12447729 010110001101101
-11595776 1001010001100111
-12316652 010101000101100
-11403262 010110011000001
-11378688 010110111110011
-11206656 100100000001100
-12185584 0101001110101001
-11272190 010110000110110
-11468794 100101000101111
-10788862 0101011010101000
-10944512 01111100111111
-10854400 010101000101010
-10878976 101001011000101
-11010045 010101000101011
-10813440 101001010100011
-11857898 100110001111000
-10616832 0101110100011110
-10485758 100101011010011
-10092544 0101110100011111
-9895936 0101110000011110
-9629695 010111011001100
-9895932 0101110000011111
-9605120 1001100100011001
-9699326 010110100110010
-9568255 1001100010100000
-9502720 1001100010100001
-9437184 0101101101010000
-9240574 010111010001101
-9306112 010101101010101
-9437181 0101011110111100
-9175040 10010000111001
-9175039 010101000110110
-9109504 010101100011100
-12308431 0101011110101010
-9043968 010100111010001
-8978432 010101111011000
-12373964 100101100011101
-10088431 1001011000111100
-8716285 101011000101111
-8716286 010101011010101
-8814592 010101111010100
-8683518 0101011110111011
-8912895 10010001110011
-8716287 0101110000011000
-8781824 01011101000011
-8716288 01000111110110
-8781823 010110100111100
-8585210 0101110000011001
-8650752 10010001111100
-8454141 1001011010010101
-8519677 010101111010111
-8585213 010110101111011
-8650750 10100110000111
-8585214 0101001010011101
-8388608 010101001111010
-8060924 0101100010101000
-8323072 010111000001010
-8191999 010111010011101
-7995388 100110010000100
-8060927 0101100010101001
-8126464 10010001101110
-7995389 0101100010100100
-8060928 1001010101111010
-8191995 010101010111110
-8257532 0101011100101110
-7892991 010110111111000
-7995392 010110111111001
-7995391 01010100100111
-7929856 100101010111100
-8060926 100101111111101
-7733246 0101011100101111
-7667709 0101100011110010
-7602176 01010110100010
-7405566 0101100010101111
-7602175 010110011110011
-7405568 01011010101110
-7340032 01010011010110
-7274496 0101010010011000
-7143424 10101100010100
-7340028 010110101011010
-7077888 10010001110100
-7077887 0101010010011001
-6946815 010100101001111
-7012350 0101010001101110
-6881280 0101010001101111
-6815744 0101110010011110
-6750208 010101101010110
-6684672 01000111110001
-6619136 0101010000110110
-6422525 0101010000110111
-6553599 101001011111000
-6553597 01011100100100
-6422527 100101110111001
-6619132 101001101000111
-5898236 010100110000000
-6094847 0101101010110110
-6094848 01011010110010
-5963770 100110001111001
-5988352 010101000101000
-6029312 10010000000011
-5963776 1001011100100110
-6029311 100101111100010
-5832703 010100111011111
-5963773 0101011000001110
-5767168 0101100001100
-5505019 0101100011110001
-5636093 10010110111010
-5636095 0100000111100
-5570560 101001000010011
-5505024 1001000010000
-5373952 100101011001000
-5373951 010101000011010
-5046269 010101011000100
-5242880 0101011000000100
-5111806 01011100101001
-5046270 0101011000000101
-5111808 01011010100110
-4784124 0101101111110100
-5046272 1001000010011
-4980736 10010001101000
-4849661 010100111100000
-4784126 01111101001001
-4980735 10010001101010
-4849664 0101110011001
-4784127 0111010111010
-4784128 1001100010100111
-4980733 101001011010011
-4849663 101011101100101
-4718592 10010000000100
-4390908 0101101111110111
-4718590 100101010101111
-4653054 01011011110001
-4521984 100110010111001
-4341759 010111000000110
-4456448 0111001011010
-4390912 01000111100100
-4259839 0101100100001110
-4210688 010101100000011
-4259840 1001100011100110
-3801082 0101100100001111
-4194302 0101010001110000
-4063232 0101100100000001
-3997696 010110111111110
-4128766 1001100010100101
-3801086 01111100110110
-3866624 0101011110111001
-3932159 011111010011101
-3735551 010101010111111
-3932158 10010001110110
-3735552 100101111111100
-3670014 010101010101100
-3538944 010111001111010
-3276798 0101110001100111
-3342335 100110001000011
-3407872 101001011111001
-3407871 0100101101000
-3276800 0100000110001
-3223551 010101011100010
-3407869 0101101100011001
-3211264 0111001010001
-3473404 1001011010110010
-3092480 0101100100001000
-3080192 101011101111011
-3014656 010101111111011
-3145726 010110010000110
-3080189 010111000011000
-3145724 0101100100001001
-2752510 10010011011101
-2883584 100101101110110
-2818048 0101100110011110
-2818045 010110101111111
-2752512 100110000110110
-2818046 100110000100111
-2555904 0101100110011111
-2621439 1001011010110011
-2490367 010110001111010
-2228222 1001011101101000
-2162687 0101100110011101
-2228224 10010101100101
-2097152 010101111111110
-2097151 100101101111010
-1900544 01000111001011
-1703931 100101100110011
-1769471 010110001000000
-1835008 100110000110101
-1703934 101011101010001
-1769472 010100101111101
-1703933 0101001111010110
-1638398 0101100010101011
-1835007 010111011010111
-1638400 101011101111010
-1310716 01011001110010
-1572864 1010011110010
-1441789 0101101100000001
-1507328 101001011110100
-1572862 010100101111111
-1441791 0101100101011110
-1114109 010110100010010
-1310720 010110101111001
-1245184 010101011001010
-1245181 010110010101010
-1179648 10100101001001
-1114112 1001010100111111
-720891 100101100001000
-8163214 1001011000100111
-851966 100101100110111
-1048575 10100101111011
-917504 1001011001000000
-655355 010101011111001
-8359821 0101100101010011
-1048573 100101010101001
-786432 1001000000101
-655357 0101101000010010
-720896 0111010111100
-589822 1001011010101010
-131064 0101001110110110
-655360 10100101110001
-655359 01000111110100
-917499 0101001110110111
-65528 10010001111110
-851964 100101010101101
-983034 100110000001101
-589824 1001110110001
-393214 01000001110
-524288 01110010101
-458751 011111001101000
-196603 100100111100
-262140 1001011101101111
-327677 10100101010011
-65530 01001011011
-524287 0101010110100110
-196604 10010110111000
-131065 100110000100110
-458752 101011101101
-196601 01010011011101
-458749 01010100001111
-327679 01111101000100
-393216 10011011011000
-131067 01000100110
-524285 0101010110100111
-8093569 010110110000101
-327680 0111101100
-65532 011111011
-393215 10100111001
-196607 01000110
-393210 010101001100001
-8032135 0101110011011100
-131070 1010000
-262144 10100011
-262143 011110101
-458748 01111011010100
-131069 100110011
-196608 10101101
-393212 010111010000011
-196605 0111101110
-262142 100111011100
-131072 1011
-196606 10010010
